0 10100 161756 0.0554088 658.109 0 0 0 0.79 0.21 
1e-06 10000.1 161825 0.0555695 656.206 0.000114887 0.00821818 7.52267e-05 0.78985 0.201742 
2e-06 9904.35 161898 0.0557389 654.211 0.000280559 0.0159283 0.000289485 0.789584 0.193917 
3e-06 9812.73 161973 0.0559151 652.15 0.000488256 0.0231678 0.000626275 0.789219 0.186498 
4e-06 9725.01 162050 0.0560966 650.04 0.000731014 0.0299713 0.00107023 0.788769 0.179458 
5e-06 9641.03 162128 0.0562822 647.897 0.00100322 0.0363707 0.00160724 0.788247 0.172772 
6e-06 9560.6 162207 0.0564707 645.734 0.00130032 0.0423956 0.00222458 0.787661 0.166418 
7e-06 9483.54 162286 0.0566614 643.561 0.00161855 0.0480732 0.00291078 0.787023 0.160375 
8e-06 9409.66 162366 0.0568534 641.387 0.00195478 0.0534285 0.00365567 0.786339 0.154622 
9e-06 9338.8 162445 0.0570462 639.22 0.0023064 0.0584845 0.00445018 0.785616 0.149143 
1e-05 9270.78 162523 0.0572392 637.065 0.00267118 0.0632623 0.00528631 0.784861 0.143919 
1.1e-05 9205.44 162601 0.057432 634.926 0.00304721 0.0677812 0.006157 0.784079 0.138936 
1.2e-05 9142.64 162678 0.0576242 632.808 0.00343285 0.072059 0.00705601 0.783273 0.134179 
1.3e-05 9082.24 162755 0.0578156 630.713 0.00382666 0.0761122 0.00797787 0.782449 0.129634 
1.4e-05 9024.1 162830 0.0580059 628.644 0.00422741 0.0799558 0.00891776 0.78161 0.125289 
1.5e-05 8968.11 162905 0.0581948 626.602 0.00463398 0.0836035 0.00987143 0.780758 0.121133 
1.6e-05 8914.14 162978 0.0583823 624.59 0.00504541 0.0870683 0.0108351 0.779897 0.117154 
1.7e-05 8862.08 163050 0.0585682 622.608 0.00546083 0.0903618 0.0118056 0.779028 0.113343 
1.8e-05 8811.85 163121 0.0587523 620.657 0.00587948 0.0934948 0.01278 0.778155 0.109691 
1.9e-05 8763.33 163191 0.0589346 618.737 0.00630067 0.0964775 0.0137557 0.777278 0.106188 
2e-05 8716.45 163260 0.0591149 616.85 0.00672377 0.099319 0.0147304 0.7764 0.102827 
2.1e-05 8671.11 163328 0.0592933 614.994 0.00714824 0.102028 0.0157023 0.775522 0.0995995 
2.2e-05 8627.26 163394 0.0594697 613.17 0.00757358 0.104612 0.0166696 0.774645 0.0964995 
2.3e-05 8584.8 163460 0.059644 611.378 0.00799933 0.107079 0.0176308 0.773771 0.09352 
2.4e-05 8543.68 163524 0.0598162 609.618 0.00842508 0.109436 0.0185844 0.7729 0.090655 
2.5e-05 8503.83 163587 0.0599862 607.89 0.00885048 0.111688 0.0195294 0.772033 0.0878987 
2.6e-05 8465.19 163649 0.0601542 606.193 0.00927518 0.113842 0.0204647 0.771172 0.0852458 
2.7e-05 8427.71 163710 0.06032 604.526 0.00969887 0.115904 0.0213893 0.770317 0.0826912 
2.8e-05 8391.33 163769 0.0604837 602.89 0.0101213 0.117878 0.0223025 0.769468 0.0802304 
2.9e-05 8356.01 163828 0.0606453 601.284 0.0105422 0.119769 0.0232036 0.768626 0.0778588 
3e-05 8321.7 163885 0.0608047 599.708 0.0109613 0.121582 0.024092 0.767793 0.0755723 
3.1e-05 8288.36 163942 0.060962 598.16 0.0113785 0.12332 0.0249671 0.766967 0.0733671 
3.2e-05 8255.94 163997 0.0611172 596.641 0.0117936 0.124989 0.0258285 0.76615 0.0712395 
3.3e-05 8224.4 164052 0.0612703 595.15 0.0122063 0.12659 0.0266758 0.765342 0.069186 
3.4e-05 8193.72 164105 0.0614214 593.687 0.0126166 0.128129 0.0275086 0.764543 0.0672034 
3.5e-05 8163.86 164157 0.0615703 592.25 0.0130242 0.129607 0.0283267 0.763753 0.0652887 
3.6e-05 8134.78 164209 0.0617173 590.84 0.0134291 0.131029 0.0291298 0.762973 0.0634389 
3.7e-05 8106.45 164259 0.0618622 589.456 0.0138312 0.132396 0.0299178 0.762203 0.0616513 
3.8e-05 8078.85 164309 0.0620051 588.097 0.0142304 0.133712 0.0306904 0.761444 0.0599234 
3.9e-05 8051.95 164357 0.062146 586.764 0.0146265 0.134979 0.0314476 0.760694 0.0582526 
4e-05 8025.72 164405 0.062285 585.454 0.0150194 0.1362 0.0321892 0.759955 0.0566367 
4.1e-05 8000.13 164452 0.0624221 584.169 0.0154092 0.137376 0.0329152 0.759226 0.0550736 
4.2e-05 7975.17 164498 0.0625572 582.907 0.0157957 0.13851 0.0336255 0.758508 0.053561 
4.3e-05 7950.81 164543 0.0626904 581.668 0.0161789 0.139603 0.0343202 0.757801 0.0520971 
4.4e-05 7927.03 164588 0.0628218 580.452 0.0165587 0.140658 0.0349992 0.757104 0.05068 
4.5e-05 7903.82 164631 0.0629513 579.257 0.0169351 0.141677 0.0356626 0.756418 0.0493079 
4.6e-05 7881.14 164674 0.0630791 578.085 0.017308 0.14266 0.0363104 0.755743 0.0479791 
4.7e-05 7858.99 164716 0.063205 576.933 0.0176774 0.14361 0.0369426 0.755078 0.0466919 
4.8e-05 7837.34 164757 0.0633291 575.802 0.0180433 0.144528 0.0375594 0.754424 0.0454449 
4.9e-05 7816.18 164798 0.0634515 574.691 0.0184057 0.145416 0.0381607 0.753781 0.0442366 
5e-05 7795.5 164837 0.0635722 573.6 0.0187645 0.146274 0.0387469 0.753149 0.0430656 
5.1e-05 7775.27 164876 0.0636912 572.529 0.0191197 0.147105 0.0393178 0.752527 0.0419306 
5.2e-05 7755.49 164915 0.0638084 571.477 0.0194712 0.147909 0.0398737 0.751916 0.0408302 
5.3e-05 7736.13 164953 0.0639241 570.443 0.0198192 0.148687 0.0404146 0.751315 0.0397633 
5.4e-05 7717.2 164990 0.0640381 569.427 0.0201636 0.149441 0.0409408 0.750725 0.0387287 
5.5e-05 7698.67 165026 0.0641505 568.43 0.0205044 0.150172 0.0414523 0.750146 0.0377253 
5.6e-05 7680.53 165062 0.0642613 567.45 0.0208415 0.15088 0.0419493 0.749577 0.036752 
5.7e-05 7662.77 165097 0.0643705 566.487 0.021175 0.151567 0.042432 0.749018 0.0358078 
5.8e-05 7645.38 165131 0.0644782 565.54 0.021505 0.152233 0.0429006 0.748469 0.0348918 
5.9e-05 7628.34 165165 0.0645844 564.611 0.0218313 0.15288 0.0433551 0.747931 0.0340029 
6e-05 7611.66 165199 0.064689 563.697 0.022154 0.153507 0.0437958 0.747402 0.0331404 
6.1e-05 7595.31 165231 0.0647922 562.799 0.0224731 0.154117 0.0442229 0.746884 0.0323032 
6.2e-05 7579.29 165263 0.064894 561.917 0.0227887 0.154709 0.0446365 0.746375 0.0314906 
6.3e-05 7563.6 165295 0.0649943 561.05 0.0231007 0.155284 0.0450369 0.745876 0.0307019 
6.4e-05 7548.21 165326 0.0650932 560.198 0.0234092 0.155843 0.0454241 0.745387 0.0299361 
6.5e-05 7533.12 165357 0.0651907 559.36 0.0237142 0.156387 0.0457985 0.744907 0.0291927 
6.6e-05 7518.33 165387 0.0652868 558.536 0.0240157 0.156916 0.0461602 0.744437 0.0284708 
6.7e-05 7503.82 165416 0.0653816 557.727 0.0243137 0.157431 0.0465094 0.743976 0.0277698 
6.8e-05 7489.6 165445 0.065475 556.931 0.0246082 0.157932 0.0468462 0.743524 0.0270891 
6.9e-05 7475.64 165474 0.0655671 556.148 0.0248993 0.15842 0.047171 0.743081 0.0264279 
7e-05 7461.95 165502 0.0656579 555.379 0.025187 0.158896 0.0474839 0.742648 0.0257858 
7.1e-05 7448.51 165529 0.0657475 554.623 0.0254714 0.159359 0.047785 0.742223 0.025162 
7.2e-05 7435.33 165557 0.0658358 553.879 0.0257523 0.15981 0.0480747 0.741807 0.0245561 
7.3e-05 7422.38 165583 0.0659228 553.147 0.02603 0.16025 0.0483531 0.741399 0.0239675 
7.4e-05 7409.68 165609 0.0660087 552.428 0.0263043 0.16068 0.0486203 0.741 0.0233956 
7.5e-05 7397.21 165635 0.0660933 551.72 0.0265754 0.161099 0.0488767 0.740609 0.0228399 
7.6e-05 7384.96 165661 0.0661768 551.025 0.0268432 0.161508 0.0491224 0.740227 0.0223001 
7.7e-05 7372.94 165686 0.0662591 550.34 0.0271078 0.161907 0.0493576 0.739852 0.0217754 
7.8e-05 7361.12 165710 0.0663402 549.667 0.0273692 0.162297 0.0495825 0.739486 0.0212656 
7.9e-05 7349.52 165734 0.0664203 549.005 0.0276275 0.162678 0.0497973 0.739127 0.0207702 
8e-05 7338.13 165758 0.0664992 548.353 0.0278827 0.16305 0.0500022 0.738777 0.0202887 
8.1e-05 7326.93 165781 0.066577 547.712 0.0281347 0.163414 0.0501975 0.738433 0.0198208 
8.2e-05 7315.93 165804 0.0666538 547.081 0.0283838 0.16377 0.0503832 0.738098 0.0193659 
8.3e-05 7305.11 165827 0.0667295 546.461 0.0286297 0.164118 0.0505597 0.737769 0.0189238 
8.4e-05 7294.49 165849 0.0668041 545.85 0.0288727 0.164458 0.050727 0.737448 0.018494 
8.5e-05 7284.04 165871 0.0668777 545.249 0.0291128 0.164791 0.0508854 0.737134 0.0180762 
8.6e-05 7273.77 165893 0.0669503 544.658 0.0293499 0.165118 0.0510352 0.736827 0.0176701 
8.7e-05 7263.67 165914 0.067022 544.076 0.0295841 0.165437 0.0511763 0.736527 0.0172752 
8.8e-05 7253.75 165935 0.0670926 543.503 0.0298154 0.16575 0.0513092 0.736234 0.0168913 
8.9e-05 7243.98 165955 0.0671623 542.939 0.0300439 0.166057 0.0514339 0.735947 0.0165181 
9e-05 7234.38 165976 0.067231 542.384 0.0302697 0.166358 0.0515506 0.735667 0.0161551 
9.1e-05 7224.94 165996 0.0672988 541.837 0.0304926 0.166653 0.0516596 0.735393 0.0158022 
9.2e-05 7215.65 166015 0.0673657 541.299 0.0307129 0.166942 0.0517609 0.735125 0.0154591 
9.3e-05 7206.51 166035 0.0674317 540.77 0.0309304 0.167225 0.0518549 0.734864 0.0151254 
9.4e-05 7197.51 166054 0.0674968 540.248 0.0311453 0.167504 0.0519415 0.734609 0.0148008 
9.5e-05 7188.66 166072 0.0675611 539.734 0.0313575 0.167777 0.0520211 0.734359 0.0144852 
9.6e-05 7179.95 166091 0.0676244 539.229 0.0315672 0.168045 0.0520938 0.734116 0.0141782 
9.7e-05 7171.38 166109 0.067687 538.73 0.0317743 0.168308 0.0521598 0.733878 0.0138797 
9.8e-05 7162.94 166127 0.0677487 538.24 0.0319788 0.168567 0.0522192 0.733646 0.0135893 
9.9e-05 7154.64 166144 0.0678096 537.756 0.0321809 0.168821 0.0522722 0.733419 0.0133068 
0.0001 7146.46 166162 0.0678697 537.28 0.0323805 0.169071 0.0523189 0.733197 0.0130321 
0.000101 7138.41 166179 0.0679289 536.811 0.0325777 0.169317 0.0523596 0.732981 0.0127648 
0.000102 7130.48 166196 0.0679875 536.349 0.0327725 0.169558 0.0523943 0.73277 0.0125047 
0.000103 7122.67 166212 0.0680452 535.894 0.0329649 0.169796 0.0524233 0.732564 0.0122518 
0.000104 7114.98 166229 0.0681022 535.446 0.033155 0.17003 0.0524467 0.732363 0.0120056 
0.000105 7107.4 166245 0.0681585 535.004 0.0333428 0.170259 0.0524646 0.732167 0.0117662 
0.000106 7099.94 166261 0.068214 534.568 0.0335283 0.170486 0.0524772 0.731976 0.0115332 
0.000107 7092.58 166276 0.0682689 534.139 0.0337116 0.170709 0.0524846 0.731789 0.0113064 
0.000108 7085.34 166292 0.068323 533.715 0.0338926 0.170928 0.052487 0.731607 0.0110858 
0.000109 7078.2 166307 0.0683764 533.298 0.0340715 0.171144 0.0524845 0.731429 0.0108711 
0.00011 7071.16 166322 0.0684292 532.887 0.0342483 0.171357 0.0524772 0.731256 0.0106622 
0.000111 7064.22 166337 0.0684813 532.482 0.0344229 0.171566 0.0524653 0.731087 0.0104589 
0.000112 7057.39 166351 0.0685327 532.082 0.0345955 0.171773 0.052449 0.730922 0.0102609 
0.000113 7050.65 166366 0.0685835 531.688 0.034766 0.171977 0.0524283 0.730761 0.0100683 
0.000114 7044 166380 0.0686336 531.3 0.0349345 0.172177 0.0524034 0.730604 0.00988082 
0.000115 7037.45 166394 0.0686832 530.916 0.035101 0.172375 0.0523744 0.730451 0.00969831 
0.000116 7030.99 166408 0.0687321 530.539 0.0352655 0.172571 0.0523414 0.730302 0.00952064 
0.000117 7024.62 166421 0.0687804 530.166 0.0354281 0.172763 0.0523045 0.730156 0.00934767 
0.000118 7018.34 166435 0.0688282 529.798 0.0355888 0.172953 0.0522639 0.730015 0.00917927 
0.000119 7012.14 166448 0.0688753 529.436 0.0357476 0.173141 0.0522197 0.729877 0.00901531 
0.00012 7006.02 166461 0.0689219 529.078 0.0359045 0.173326 0.052172 0.729742 0.00885567 
0.000121 6999.99 166474 0.0689679 528.725 0.0360597 0.173509 0.0521209 0.729611 0.00870022 
0.000122 6994.04 166486 0.0690134 528.376 0.036213 0.173689 0.0520665 0.729483 0.00854884 
0.000123 6988.17 166499 0.0690583 528.033 0.0363646 0.173867 0.0520089 0.729358 0.00840142 
0.000124 6982.37 166511 0.0691027 527.694 0.0365144 0.174043 0.0519483 0.729236 0.00825785 
0.000125 6976.66 166524 0.0691465 527.359 0.0366625 0.174217 0.0518847 0.729118 0.00811802 
0.000126 6971.01 166536 0.0691899 527.029 0.036809 0.174388 0.0518182 0.729003 0.00798181 
0.000127 6965.44 166548 0.0692327 526.702 0.0369537 0.174558 0.0517489 0.72889 0.00784914 
0.000128 6959.94 166559 0.069275 526.38 0.0370968 0.174726 0.0516769 0.728781 0.00771989 
0.000129 6954.51 166571 0.0693169 526.063 0.0372384 0.174891 0.0516024 0.728674 0.00759398 
0.00013 6949.15 166582 0.0693583 525.749 0.0373783 0.175055 0.0515254 0.72857 0.00747131 
0.000131 6943.85 166594 0.0693992 525.439 0.0375167 0.175217 0.0514459 0.728469 0.00735178 
0.000132 6938.62 166605 0.0694396 525.133 0.0376535 0.175377 0.0513642 0.72837 0.00723531 
0.000133 6933.46 166616 0.0694796 524.831 0.0377888 0.175535 0.0512802 0.728274 0.00712181 
0.000134 6928.36 166627 0.0695191 524.532 0.0379226 0.175692 0.051194 0.72818 0.0070112 
0.000135 6923.32 166637 0.0695582 524.238 0.038055 0.175847 0.0511058 0.728089 0.0069034 
0.000136 6918.34 166648 0.0695969 523.946 0.0381859 0.176 0.0510156 0.728 0.00679833 
0.000137 6913.43 166659 0.0696351 523.659 0.0383154 0.176151 0.0509235 0.727914 0.0066959 
0.000138 6908.57 166669 0.0696729 523.375 0.0384435 0.176301 0.0508295 0.72783 0.00659606 
0.000139 6903.77 166679 0.0697103 523.094 0.0385702 0.17645 0.0507338 0.727748 0.00649871 
0.00014 6899.02 166689 0.0697473 522.816 0.0386955 0.176597 0.0506364 0.727668 0.00640381 
0.000141 6894.33 166699 0.0697839 522.542 0.0388195 0.176742 0.0505374 0.72759 0.00631126 
0.000142 6889.7 166709 0.0698201 522.271 0.0389423 0.176886 0.0504368 0.727514 0.00622102 
0.000143 6885.12 166719 0.0698559 522.003 0.0390637 0.177028 0.0503347 0.72744 0.00613301 
0.000144 6880.59 166729 0.0698914 521.739 0.0391838 0.177169 0.0502312 0.727369 0.00604717 
0.000145 6876.11 166738 0.0699265 521.477 0.0393027 0.177309 0.0501263 0.727299 0.00596344 
0.000146 6871.68 166748 0.0699612 521.218 0.0394204 0.177447 0.0500201 0.72723 0.00588177 
0.000147 6867.31 166757 0.0699955 520.962 0.0395368 0.177584 0.0499127 0.727164 0.00580209 
0.000148 6862.98 166766 0.0700295 520.709 0.039652 0.17772 0.0498042 0.7271 0.00572435 
0.000149 6858.7 166775 0.0700632 520.459 0.0397661 0.177854 0.0496945 0.727037 0.0056485 
0.00015 6854.46 166784 0.0700965 520.212 0.039879 0.177987 0.0495837 0.726976 0.00557448 
0.000151 6850.28 166793 0.0701295 519.967 0.0399908 0.178119 0.0494719 0.726916 0.00550224 
0.000152 6846.13 166802 0.0701621 519.725 0.0401015 0.17825 0.0493591 0.726858 0.00543173 
0.000153 6842.04 166811 0.0701944 519.486 0.0402111 0.178379 0.0492455 0.726801 0.0053629 
0.000154 6837.98 166819 0.0702265 519.249 0.0403195 0.178507 0.0491309 0.726746 0.00529571 
0.000155 6833.97 166828 0.0702582 519.015 0.0404269 0.178635 0.0490156 0.726693 0.00523012 
0.000156 6830 166836 0.0702895 518.783 0.0405333 0.17876 0.0488995 0.726641 0.00516607 
0.000157 6826.07 166845 0.0703206 518.554 0.0406386 0.178885 0.0487827 0.72659 0.00510352 
0.000158 6822.19 166853 0.0703514 518.327 0.0407429 0.179009 0.0486652 0.72654 0.00504244 
0.000159 6818.34 166861 0.0703819 518.102 0.0408463 0.179132 0.048547 0.726492 0.00498278 
0.00016 6814.53 166869 0.0704121 517.88 0.0409486 0.179253 0.0484283 0.726445 0.0049245 
0.000161 6810.76 166877 0.070442 517.66 0.0410499 0.179374 0.048309 0.7264 0.00486757 
0.000162 6807.03 166885 0.0704717 517.442 0.0411503 0.179493 0.0481892 0.726355 0.00481195 
0.000163 6803.33 166893 0.0705011 517.227 0.0412498 0.179612 0.0480689 0.726312 0.0047576 
0.000164 6799.67 166901 0.0705302 517.013 0.0413483 0.179729 0.0479482 0.72627 0.00470448 
0.000165 6796.05 166909 0.070559 516.802 0.041446 0.179846 0.0478271 0.726229 0.00465257 
0.000166 6792.46 166916 0.0705876 516.593 0.0415427 0.179961 0.0477057 0.726189 0.00460183 
0.000167 6788.91 166924 0.0706159 516.385 0.0416385 0.180076 0.0475839 0.72615 0.00455222 
0.000168 6785.39 166931 0.070644 516.18 0.0417335 0.180189 0.0474617 0.726112 0.00450373 
0.000169 6781.91 166939 0.0706718 515.977 0.0418277 0.180302 0.0473394 0.726075 0.00445631 
0.00017 6778.46 166946 0.0706994 515.776 0.041921 0.180414 0.0472168 0.726038 0.00440993 
0.000171 6775.04 166953 0.0707267 515.576 0.0420134 0.180525 0.047094 0.726003 0.00436458 
0.000172 6771.65 166960 0.0707539 515.379 0.0421051 0.180635 0.046971 0.725969 0.00432021 
0.000173 6768.29 166968 0.0707807 515.183 0.0421959 0.180744 0.0468478 0.725936 0.00427682 
0.000174 6764.97 166975 0.0708074 514.989 0.042286 0.180852 0.0467246 0.725903 0.00423436 
0.000175 6761.67 166982 0.0708338 514.797 0.0423753 0.180959 0.0466012 0.725871 0.00419281 
0.000176 6758.41 166989 0.07086 514.607 0.0424638 0.181066 0.0464778 0.725841 0.00415215 
0.000177 6755.17 166995 0.070886 514.418 0.0425516 0.181171 0.0463543 0.72581 0.00411235 
0.000178 6751.97 167002 0.0709118 514.231 0.0426386 0.181276 0.0462308 0.725781 0.0040734 
0.000179 6748.79 167009 0.0709373 514.046 0.042725 0.18138 0.0461073 0.725752 0.00403526 
0.00018 6745.64 167016 0.0709627 513.862 0.0428105 0.181483 0.0459839 0.725724 0.00399792 
0.000181 6742.51 167022 0.0709878 513.68 0.0428954 0.181586 0.0458604 0.725697 0.00396136 
0.000182 6739.42 167029 0.0710128 513.5 0.0429796 0.181687 0.0457371 0.725671 0.00392555 
0.000183 6736.35 167035 0.0710375 513.321 0.0430631 0.181788 0.0456138 0.725645 0.00389047 
0.000184 6733.31 167042 0.0710621 513.143 0.0431459 0.181888 0.0454906 0.725619 0.00385611 
0.000185 6730.29 167048 0.0710865 512.967 0.0432281 0.181987 0.0453676 0.725595 0.00382244 
0.000186 6727.3 167055 0.0711107 512.793 0.0433096 0.182086 0.0452447 0.72557 0.00378946 
0.000187 6724.33 167061 0.0711346 512.62 0.0433905 0.182184 0.045122 0.725547 0.00375713 
0.000188 6721.39 167067 0.0711585 512.448 0.0434707 0.182281 0.0449994 0.725524 0.00372544 
0.000189 6718.47 167074 0.0711821 512.278 0.0435503 0.182377 0.044877 0.725501 0.00369438 
0.00019 6715.58 167080 0.0712055 512.109 0.0436293 0.182473 0.0447549 0.725479 0.00366393 
0.000191 6712.71 167086 0.0712288 511.942 0.0437077 0.182567 0.044633 0.725458 0.00363407 
0.000192 6709.86 167092 0.0712519 511.776 0.0437855 0.182662 0.0445113 0.725437 0.00360479 
0.000193 6707.03 167098 0.0712749 511.611 0.0438627 0.182755 0.0443898 0.725416 0.00357607 
0.000194 6704.23 167104 0.0712976 511.448 0.0439394 0.182848 0.0442686 0.725396 0.0035479 
0.000195 6701.45 167110 0.0713203 511.286 0.0440154 0.18294 0.0441477 0.725377 0.00352026 
0.000196 6698.7 167116 0.0713427 511.125 0.0440909 0.183031 0.0440271 0.725357 0.00349314 
0.000197 6695.96 167121 0.071365 510.965 0.0441659 0.183122 0.0439068 0.725339 0.00346653 
0.000198 6693.24 167127 0.0713871 510.807 0.0442403 0.183212 0.0437869 0.72532 0.00344042 
0.000199 6690.55 167133 0.0714091 510.65 0.0443141 0.183302 0.0436672 0.725302 0.00341478 
0.0002 6687.88 167139 0.0714309 510.494 0.0443875 0.18339 0.0435479 0.725285 0.00338961 
0.000201 6685.22 167144 0.0714526 510.339 0.0444603 0.183479 0.0434289 0.725267 0.0033649 
0.000202 6682.59 167150 0.0714741 510.185 0.0445326 0.183566 0.0433103 0.72525 0.00334064 
0.000203 6679.98 167155 0.0714955 510.033 0.0446044 0.183653 0.0431921 0.725234 0.0033168 
0.000204 6677.38 167161 0.0715167 509.881 0.0446757 0.183739 0.0430742 0.725218 0.0032934 
0.000205 6674.81 167166 0.0715378 509.731 0.0447465 0.183825 0.0429567 0.725202 0.0032704 
0.000206 6672.25 167172 0.0715588 509.581 0.0448168 0.18391 0.0428396 0.725186 0.0032478 
0.000207 6669.71 167177 0.0715796 509.433 0.0448866 0.183994 0.0427229 0.725171 0.0032256 
0.000208 6667.19 167183 0.0716003 509.286 0.044956 0.184078 0.0426066 0.725155 0.00320378 
0.000209 6664.69 167188 0.0716208 509.14 0.0450249 0.184161 0.0424907 0.725141 0.00318233 
0.00021 6662.21 167193 0.0716413 508.995 0.0450934 0.184244 0.0423753 0.725126 0.00316125 
0.000211 6659.74 167198 0.0716616 508.851 0.0451614 0.184326 0.0422602 0.725112 0.00314052 
0.000212 6657.29 167204 0.0716817 508.708 0.0452289 0.184408 0.0421456 0.725098 0.00312014 
0.000213 6654.86 167209 0.0717017 508.565 0.0452961 0.184489 0.0420315 0.725084 0.00310009 
0.000214 6652.45 167214 0.0717217 508.424 0.0453627 0.184569 0.0419178 0.72507 0.00308037 
0.000215 6650.05 167219 0.0717414 508.284 0.045429 0.184649 0.0418045 0.725057 0.00306098 
0.000216 6647.67 167224 0.0717611 508.145 0.0454949 0.184728 0.0416917 0.725044 0.00304189 
0.000217 6645.3 167229 0.0717807 508.006 0.0455603 0.184807 0.0415794 0.725031 0.00302312 
0.000218 6642.95 167234 0.0718001 507.869 0.0456253 0.184885 0.0414675 0.725018 0.00300464 
0.000219 6640.62 167239 0.0718194 507.732 0.0456899 0.184962 0.0413561 0.725005 0.00298645 
0.00022 6638.3 167244 0.0718386 507.597 0.0457541 0.185039 0.0412451 0.724993 0.00296855 
0.000221 6636 167249 0.0718577 507.462 0.045818 0.185116 0.0411346 0.724981 0.00295093 
0.000222 6633.71 167254 0.0718766 507.328 0.0458814 0.185192 0.0410246 0.724968 0.00293357 
0.000223 6631.44 167259 0.0718955 507.195 0.0459445 0.185267 0.0409151 0.724957 0.00291648 
0.000224 6629.18 167264 0.0719142 507.063 0.0460071 0.185342 0.0408061 0.724945 0.00289965 
0.000225 6626.94 167268 0.0719329 506.931 0.0460694 0.185417 0.0406976 0.724933 0.00288308 
0.000226 6624.71 167273 0.0719514 506.801 0.0461314 0.185491 0.0405895 0.724922 0.00286675 
0.000227 6622.5 167278 0.0719699 506.671 0.046193 0.185564 0.040482 0.72491 0.00285066 
0.000228 6620.3 167283 0.0719882 506.542 0.0462542 0.185637 0.0403749 0.724899 0.0028348 
0.000229 6618.11 167287 0.0720064 506.414 0.0463151 0.18571 0.0402684 0.724888 0.00281918 
0.00023 6615.94 167292 0.0720245 506.286 0.0463756 0.185781 0.0401623 0.724877 0.00280378 
0.000231 6613.78 167297 0.0720426 506.16 0.0464358 0.185853 0.0400567 0.724866 0.0027886 
0.000232 6611.63 167301 0.0720605 506.034 0.0464956 0.185924 0.0399517 0.724855 0.00277364 
0.000233 6609.5 167306 0.0720783 505.908 0.0465551 0.185994 0.0398471 0.724844 0.00275889 
0.000234 6607.38 167310 0.0720961 505.784 0.0466143 0.186064 0.0397431 0.724834 0.00274434 
0.000235 6605.27 167315 0.0721137 505.66 0.0466732 0.186134 0.0396395 0.724823 0.00272999 
0.000236 6603.18 167319 0.0721312 505.537 0.0467317 0.186203 0.0395365 0.724813 0.00271584 
0.000237 6601.1 167324 0.0721487 505.415 0.0467899 0.186272 0.039434 0.724803 0.00270189 
0.000238 6599.03 167328 0.0721661 505.293 0.0468478 0.18634 0.0393319 0.724792 0.00268812 
0.000239 6596.97 167333 0.0721833 505.172 0.0469054 0.186408 0.0392304 0.724782 0.00267453 
0.00024 6594.93 167337 0.0722005 505.052 0.0469627 0.186475 0.0391294 0.724772 0.00266113 
0.000241 6592.9 167341 0.0722176 504.933 0.0470197 0.186542 0.0390289 0.724762 0.0026479 
0.000242 6590.88 167346 0.0722346 504.814 0.0470764 0.186608 0.0389289 0.724752 0.00263484 
0.000243 6588.87 167350 0.0722515 504.696 0.0471328 0.186674 0.0388294 0.724742 0.00262195 
0.000244 6586.87 167354 0.0722684 504.578 0.0471888 0.18674 0.0387305 0.724732 0.00260923 
0.000245 6584.88 167359 0.0722851 504.461 0.0472447 0.186805 0.038632 0.724722 0.00259667 
0.000246 6582.91 167363 0.0723018 504.345 0.0473002 0.186869 0.038534 0.724712 0.00258426 
0.000247 6580.95 167367 0.0723184 504.229 0.0473554 0.186933 0.0384366 0.724703 0.00257202 
0.000248 6579 167371 0.0723349 504.114 0.0474104 0.186997 0.0383396 0.724693 0.00255992 
0.000249 6577.05 167375 0.0723513 504 0.0474651 0.187061 0.0382432 0.724683 0.00254797 
0.00025 6575.12 167380 0.0723677 503.886 0.0475195 0.187124 0.0381473 0.724674 0.00253617 
0.000251 6573.2 167384 0.0723839 503.772 0.0475737 0.187186 0.0380518 0.724664 0.00252451 
0.000252 6571.3 167388 0.0724001 503.66 0.0476276 0.187248 0.0379569 0.724654 0.00251299 
0.000253 6569.4 167392 0.0724162 503.548 0.0476812 0.18731 0.0378625 0.724645 0.00250161 
0.000254 6567.51 167396 0.0724323 503.436 0.0477345 0.187371 0.0377685 0.724635 0.00249036 
0.000255 6565.63 167400 0.0724482 503.325 0.0477877 0.187432 0.0376751 0.724626 0.00247924 
0.000256 6563.76 167404 0.0724641 503.215 0.0478405 0.187493 0.0375822 0.724616 0.00246826 
0.000257 6561.91 167408 0.0724799 503.105 0.0478931 0.187553 0.0374898 0.724607 0.0024574 
0.000258 6560.06 167412 0.0724957 502.996 0.0479455 0.187613 0.0373978 0.724597 0.00244666 
0.000259 6558.22 167416 0.0725114 502.887 0.0479976 0.187672 0.0373064 0.724588 0.00243604 
0.00026 6556.39 167420 0.072527 502.779 0.0480495 0.187731 0.0372154 0.724579 0.00242555 
0.000261 6554.57 167424 0.0725425 502.671 0.0481011 0.18779 0.037125 0.724569 0.00241517 
0.000262 6552.76 167428 0.0725579 502.564 0.0481525 0.187848 0.037035 0.72456 0.00240491 
0.000263 6550.96 167432 0.0725733 502.458 0.0482037 0.187906 0.0369455 0.72455 0.00239475 
0.000264 6549.17 167435 0.0725887 502.352 0.0482546 0.187963 0.0368565 0.724541 0.00238471 
0.000265 6547.39 167439 0.0726039 502.246 0.0483053 0.18802 0.036768 0.724532 0.00237478 
0.000266 6545.62 167443 0.0726191 502.141 0.0483558 0.188077 0.03668 0.724522 0.00236496 
0.000267 6543.86 167447 0.0726342 502.037 0.048406 0.188133 0.0365925 0.724513 0.00235524 
0.000268 6542.1 167451 0.0726493 501.933 0.048456 0.18819 0.0365054 0.724503 0.00234562 
0.000269 6540.36 167455 0.0726643 501.829 0.0485058 0.188245 0.0364188 0.724494 0.0023361 
0.00027 6538.62 167458 0.0726792 501.726 0.0485554 0.188301 0.0363327 0.724485 0.00232669 
0.000271 6536.89 167462 0.072694 501.623 0.0486048 0.188356 0.0362471 0.724475 0.00231736 
0.000272 6535.18 167466 0.0727088 501.521 0.048654 0.18841 0.0361619 0.724466 0.00230814 
0.000273 6533.47 167469 0.0727236 501.42 0.0487029 0.188464 0.0360772 0.724456 0.00229901 
0.000274 6531.76 167473 0.0727383 501.318 0.0487516 0.188518 0.035993 0.724447 0.00228997 
0.000275 6530.07 167477 0.0727529 501.218 0.0488002 0.188572 0.0359092 0.724438 0.00228102 
0.000276 6528.38 167480 0.0727674 501.118 0.0488485 0.188625 0.0358259 0.724428 0.00227216 
0.000277 6526.71 167484 0.0727819 501.018 0.0488966 0.188678 0.0357431 0.724419 0.00226339 
0.000278 6525.04 167488 0.0727963 500.918 0.0489445 0.188731 0.0356607 0.724409 0.00225471 
0.000279 6523.38 167491 0.0728107 500.82 0.0489923 0.188783 0.0355788 0.7244 0.00224611 
0.00028 6521.72 167495 0.072825 500.721 0.0490398 0.188835 0.0354973 0.72439 0.00223759 
0.000281 6520.08 167499 0.0728393 500.623 0.0490871 0.188887 0.0354163 0.724381 0.00222916 
0.000282 6518.44 167502 0.0728535 500.526 0.0491343 0.188938 0.0353357 0.724371 0.0022208 
0.000283 6516.81 167506 0.0728676 500.428 0.0491812 0.188989 0.0352556 0.724362 0.00221253 
0.000284 6515.19 167509 0.0728817 500.332 0.049228 0.18904 0.0351759 0.724352 0.00220433 
0.000285 6513.58 167513 0.0728958 500.235 0.0492745 0.18909 0.0350967 0.724343 0.00219621 
0.000286 6511.97 167516 0.0729097 500.139 0.0493209 0.18914 0.0350179 0.724333 0.00218817 
0.000287 6510.37 167520 0.0729236 500.044 0.0493671 0.18919 0.0349396 0.724323 0.0021802 
0.000288 6508.78 167523 0.0729375 499.949 0.0494131 0.189239 0.0348616 0.724314 0.0021723 
0.000289 6507.19 167527 0.0729513 499.854 0.049459 0.189288 0.0347842 0.724304 0.00216447 
0.00029 6505.62 167530 0.0729651 499.76 0.0495046 0.189337 0.0347071 0.724294 0.00215672 
0.000291 6504.05 167533 0.0729788 499.666 0.0495501 0.189386 0.0346305 0.724285 0.00214903 
0.000292 6502.48 167537 0.0729924 499.573 0.0495954 0.189434 0.0345543 0.724275 0.00214142 
0.000293 6500.93 167540 0.073006 499.48 0.0496405 0.189482 0.0344785 0.724265 0.00213387 
0.000294 6499.38 167544 0.0730196 499.387 0.0496855 0.18953 0.0344032 0.724255 0.00212639 
0.000295 6497.84 167547 0.0730331 499.295 0.0497302 0.189577 0.0343282 0.724246 0.00211897 
0.000296 6496.3 167550 0.0730465 499.203 0.0497749 0.189624 0.0342537 0.724236 0.00211162 
0.000297 6494.77 167554 0.0730599 499.111 0.0498193 0.189671 0.0341796 0.724226 0.00210433 
0.000298 6493.25 167557 0.0730733 499.02 0.0498636 0.189717 0.0341059 0.724216 0.00209711 
0.000299 6491.74 167560 0.0730866 498.929 0.0499077 0.189764 0.0340327 0.724206 0.00208995 
0.0003 6490.23 167564 0.0730998 498.839 0.0499516 0.18981 0.0339598 0.724196 0.00208285 
0.000301 6488.73 167567 0.073113 498.749 0.0499954 0.189855 0.0338873 0.724186 0.0020758 
0.000302 6487.23 167570 0.0731262 498.659 0.050039 0.189901 0.0338152 0.724176 0.00206882 
0.000303 6485.74 167573 0.0731393 498.57 0.0500825 0.189946 0.0337436 0.724166 0.0020619 
0.000304 6484.26 167577 0.0731523 498.481 0.0501258 0.189991 0.0336723 0.724156 0.00205503 
0.000305 6482.79 167580 0.0731653 498.392 0.0501689 0.190035 0.0336014 0.724146 0.00204822 
0.000306 6481.32 167583 0.0731783 498.304 0.0502119 0.19008 0.033531 0.724136 0.00204147 
0.000307 6479.86 167586 0.0731912 498.216 0.0502547 0.190124 0.0334609 0.724126 0.00203477 
0.000308 6478.4 167589 0.0732041 498.128 0.0502974 0.190168 0.0333912 0.724116 0.00202812 
0.000309 6476.95 167593 0.0732169 498.041 0.0503399 0.190211 0.0333218 0.724106 0.00202153 
0.00031 6475.5 167596 0.0732297 497.954 0.0503823 0.190254 0.0332529 0.724095 0.002015 
0.000311 6474.07 167599 0.0732424 497.868 0.0504245 0.190297 0.0331843 0.724085 0.00200851 
0.000312 6472.63 167602 0.0732551 497.781 0.0504666 0.19034 0.0331162 0.724075 0.00200208 
0.000313 6471.21 167605 0.0732678 497.695 0.0505085 0.190383 0.0330484 0.724065 0.0019957 
0.000314 6469.79 167608 0.0732804 497.61 0.0505502 0.190425 0.0329809 0.724054 0.00198936 
0.000315 6468.37 167611 0.0732929 497.525 0.0505919 0.190467 0.0329139 0.724044 0.00198308 
0.000316 6466.96 167615 0.0733054 497.44 0.0506334 0.190509 0.0328472 0.724034 0.00197685 
0.000317 6465.56 167618 0.0733179 497.355 0.0506747 0.19055 0.0327808 0.724023 0.00197066 
0.000318 6464.17 167621 0.0733303 497.271 0.0507159 0.190592 0.0327149 0.724013 0.00196453 
0.000319 6462.77 167624 0.0733427 497.187 0.0507569 0.190633 0.0326493 0.724003 0.00195843 
0.00032 6461.39 167627 0.073355 497.103 0.0507978 0.190674 0.032584 0.723992 0.00195239 
0.000321 6460.01 167630 0.0733673 497.02 0.0508386 0.190714 0.0325191 0.723982 0.00194639 
0.000322 6458.64 167633 0.0733796 496.937 0.0508793 0.190755 0.0324546 0.723971 0.00194044 
0.000323 6457.27 167636 0.0733918 496.854 0.0509197 0.190795 0.0323904 0.723961 0.00193453 
0.000324 6455.9 167639 0.073404 496.772 0.0509601 0.190835 0.0323266 0.72395 0.00192867 
0.000325 6454.55 167642 0.0734161 496.69 0.0510003 0.190874 0.0322631 0.723939 0.00192285 
0.000326 6453.19 167645 0.0734282 496.608 0.0510404 0.190914 0.0322 0.723929 0.00191707 
0.000327 6451.85 167648 0.0734403 496.526 0.0510804 0.190953 0.0321372 0.723918 0.00191134 
0.000328 6450.51 167651 0.0734523 496.445 0.0511202 0.190992 0.0320747 0.723907 0.00190565 
0.000329 6449.17 167654 0.0734643 496.364 0.0511599 0.191031 0.0320126 0.723897 0.0019 
0.00033 6447.84 167657 0.0734762 496.284 0.0511994 0.191069 0.0319508 0.723886 0.00189439 
0.000331 6446.51 167660 0.0734881 496.203 0.0512389 0.191108 0.0318894 0.723875 0.00188882 
0.000332 6445.19 167663 0.0735 496.123 0.0512782 0.191146 0.0318283 0.723865 0.0018833 
0.000333 6443.88 167666 0.0735118 496.043 0.0513173 0.191184 0.0317675 0.723854 0.00187781 
0.000334 6442.57 167668 0.0735235 495.964 0.0513564 0.191221 0.031707 0.723843 0.00187236 
0.000335 6441.26 167671 0.0735353 495.885 0.0513953 0.191259 0.0316469 0.723832 0.00186695 
0.000336 6439.96 167674 0.073547 495.806 0.0514341 0.191296 0.0315871 0.723821 0.00186158 
0.000337 6438.67 167677 0.0735587 495.727 0.0514727 0.191333 0.0315276 0.72381 0.00185625 
0.000338 6437.38 167680 0.0735703 495.649 0.0515113 0.19137 0.0314684 0.723799 0.00185095 
0.000339 6436.09 167683 0.0735819 495.571 0.0515497 0.191407 0.0314095 0.723789 0.00184569 
0.00034 6434.81 167686 0.0735934 495.493 0.051588 0.191443 0.031351 0.723778 0.00184047 
0.000341 6433.54 167688 0.073605 495.415 0.0516261 0.191479 0.0312928 0.723767 0.00183528 
0.000342 6432.26 167691 0.0736164 495.338 0.0516642 0.191515 0.0312348 0.723756 0.00183013 
0.000343 6431 167694 0.0736279 495.261 0.0517021 0.191551 0.0311772 0.723745 0.00182502 
0.000344 6429.74 167697 0.0736393 495.184 0.0517399 0.191587 0.0311199 0.723733 0.00181994 
0.000345 6428.48 167700 0.0736507 495.108 0.0517776 0.191622 0.0310629 0.723722 0.0018149 
0.000346 6427.23 167702 0.073662 495.032 0.0518152 0.191657 0.0310062 0.723711 0.00180989 
0.000347 6425.98 167705 0.0736733 494.956 0.0518526 0.191693 0.0309498 0.7237 0.00180491 
0.000348 6424.74 167708 0.0736846 494.88 0.05189 0.191727 0.0308937 0.723689 0.00179997 
0.000349 6423.5 167711 0.0736958 494.805 0.0519272 0.191762 0.0308378 0.723678 0.00179506 
0.00035 6422.27 167713 0.073707 494.73 0.0519643 0.191797 0.0307823 0.723667 0.00179019 
0.000351 6421.04 167716 0.0737182 494.655 0.0520013 0.191831 0.0307271 0.723655 0.00178534 
0.000352 6419.82 167719 0.0737293 494.58 0.0520381 0.191865 0.0306721 0.723644 0.00178053 
0.000353 6418.6 167722 0.0737404 494.506 0.0520749 0.191899 0.0306175 0.723633 0.00177575 
0.000354 6417.38 167724 0.0737514 494.431 0.0521115 0.191933 0.0305631 0.723622 0.00177101 
0.000355 6416.17 167727 0.0737625 494.358 0.0521481 0.191966 0.030509 0.72361 0.00176629 
0.000356 6414.97 167730 0.0737735 494.284 0.0521845 0.192 0.0304552 0.723599 0.00176161 
0.000357 6413.77 167732 0.0737844 494.21 0.0522208 0.192033 0.0304017 0.723588 0.00175695 
0.000358 6412.57 167735 0.0737954 494.137 0.052257 0.192066 0.0303484 0.723576 0.00175233 
0.000359 6411.38 167738 0.0738063 494.064 0.0522931 0.192099 0.0302955 0.723565 0.00174774 
0.00036 6410.19 167740 0.0738171 493.992 0.0523291 0.192131 0.0302427 0.723554 0.00174317 
0.000361 6409 167743 0.0738279 493.919 0.052365 0.192164 0.0301903 0.723542 0.00173864 
0.000362 6407.82 167746 0.0738387 493.847 0.0524007 0.192196 0.0301381 0.723531 0.00173413 
0.000363 6406.65 167748 0.0738495 493.775 0.0524364 0.192228 0.0300863 0.723519 0.00172965 
0.000364 6405.47 167751 0.0738602 493.703 0.052472 0.19226 0.0300346 0.723508 0.00172521 
0.000365 6404.31 167753 0.0738709 493.632 0.0525074 0.192292 0.0299833 0.723497 0.00172079 
0.000366 6403.14 167756 0.0738816 493.56 0.0525427 0.192324 0.0299322 0.723485 0.0017164 
0.000367 6401.98 167759 0.0738922 493.489 0.052578 0.192355 0.0298813 0.723474 0.00171203 
0.000368 6400.83 167761 0.0739028 493.419 0.0526131 0.192386 0.0298307 0.723462 0.0017077 
0.000369 6399.68 167764 0.0739134 493.348 0.0526481 0.192418 0.0297804 0.723451 0.00170339 
0.00037 6398.53 167766 0.073924 493.278 0.0526831 0.192449 0.0297303 0.723439 0.00169911 
0.000371 6397.39 167769 0.0739345 493.207 0.0527179 0.192479 0.0296805 0.723427 0.00169485 
0.000372 6396.25 167771 0.073945 493.137 0.0527526 0.19251 0.0296309 0.723416 0.00169062 
0.000373 6395.11 167774 0.0739554 493.068 0.0527872 0.192541 0.0295816 0.723404 0.00168642 
0.000374 6393.98 167777 0.0739658 492.998 0.0528218 0.192571 0.0295326 0.723393 0.00168224 
0.000375 6392.85 167779 0.0739762 492.929 0.0528562 0.192601 0.0294837 0.723381 0.00167809 
0.000376 6391.73 167782 0.0739866 492.86 0.0528905 0.192631 0.0294352 0.723369 0.00167397 
0.000377 6390.61 167784 0.0739969 492.791 0.0529247 0.192661 0.0293868 0.723358 0.00166987 
0.000378 6389.5 167787 0.0740072 492.723 0.0529588 0.192691 0.0293387 0.723346 0.00166579 
0.000379 6388.38 167789 0.0740175 492.654 0.0529929 0.19272 0.0292909 0.723334 0.00166174 
0.00038 6387.28 167792 0.0740277 492.586 0.0530268 0.19275 0.0292433 0.723323 0.00165772 
0.000381 6386.17 167794 0.074038 492.518 0.0530606 0.192779 0.0291959 0.723311 0.00165372 
0.000382 6385.07 167797 0.0740481 492.45 0.0530943 0.192808 0.0291487 0.723299 0.00164974 
0.000383 6383.97 167799 0.0740583 492.383 0.053128 0.192837 0.0291018 0.723287 0.00164579 
0.000384 6382.88 167801 0.0740684 492.315 0.0531615 0.192866 0.0290551 0.723276 0.00164186 
0.000385 6381.79 167804 0.0740785 492.248 0.053195 0.192894 0.0290087 0.723264 0.00163795 
0.000386 6380.7 167806 0.0740886 492.181 0.0532283 0.192923 0.0289625 0.723252 0.00163407 
0.000387 6379.62 167809 0.0740986 492.115 0.0532616 0.192951 0.0289165 0.72324 0.00163021 
0.000388 6378.54 167811 0.0741086 492.048 0.0532947 0.19298 0.0288707 0.723229 0.00162638 
0.000389 6377.47 167814 0.0741186 491.982 0.0533278 0.193008 0.0288252 0.723217 0.00162256 
0.00039 6376.4 167816 0.0741286 491.916 0.0533608 0.193036 0.0287798 0.723205 0.00161877 
0.000391 6375.33 167818 0.0741385 491.85 0.0533936 0.193063 0.0287347 0.723193 0.001615 
0.000392 6374.27 167821 0.0741484 491.784 0.0534264 0.193091 0.0286898 0.723181 0.00161126 
0.000393 6373.21 167823 0.0741583 491.719 0.0534591 0.193119 0.0286452 0.723169 0.00160753 
0.000394 6372.15 167826 0.0741681 491.654 0.0534917 0.193146 0.0286007 0.723158 0.00160383 
0.000395 6371.09 167828 0.074178 491.588 0.0535242 0.193173 0.0285565 0.723146 0.00160015 
0.000396 6370.04 167830 0.0741878 491.524 0.0535567 0.193201 0.0285125 0.723134 0.00159649 
0.000397 6369 167833 0.0741975 491.459 0.053589 0.193228 0.0284687 0.723122 0.00159285 
0.000398 6367.95 167835 0.0742073 491.394 0.0536212 0.193254 0.0284251 0.72311 0.00158923 
0.000399 6366.91 167837 0.074217 491.33 0.0536534 0.193281 0.0283817 0.723098 0.00158563 
0.0004 6365.88 167840 0.0742267 491.266 0.0536855 0.193308 0.0283385 0.723086 0.00158206 
0.000401 6364.84 167842 0.0742363 491.202 0.0537174 0.193334 0.0282955 0.723074 0.0015785 
0.000402 6363.81 167844 0.074246 491.138 0.0537493 0.193361 0.0282527 0.723062 0.00157496 
0.000403 6362.79 167847 0.0742556 491.075 0.0537811 0.193387 0.0282102 0.723051 0.00157145 
0.000404 6361.76 167849 0.0742651 491.011 0.0538128 0.193413 0.0281678 0.723039 0.00156795 
0.000405 6360.74 167851 0.0742747 490.948 0.0538445 0.193439 0.0281256 0.723027 0.00156448 
0.000406 6359.73 167854 0.0742842 490.885 0.053876 0.193465 0.0280837 0.723015 0.00156102 
0.000407 6358.71 167856 0.0742937 490.823 0.0539075 0.19349 0.0280419 0.723003 0.00155758 
0.000408 6357.7 167858 0.0743032 490.76 0.0539388 0.193516 0.0280003 0.722991 0.00155417 
0.000409 6356.7 167860 0.0743127 490.697 0.0539701 0.193541 0.0279589 0.722979 0.00155077 
0.00041 6355.69 167863 0.0743221 490.635 0.0540013 0.193567 0.0279177 0.722967 0.00154739 
0.000411 6354.69 167865 0.0743315 490.573 0.0540324 0.193592 0.0278768 0.722955 0.00154403 
0.000412 6353.7 167867 0.0743409 490.511 0.0540634 0.193617 0.027836 0.722943 0.00154069 
0.000413 6352.7 167869 0.0743502 490.45 0.0540944 0.193642 0.0277953 0.722931 0.00153736 
0.000414 6351.71 167872 0.0743595 490.388 0.0541252 0.193667 0.0277549 0.722919 0.00153406 
0.000415 6350.72 167874 0.0743688 490.327 0.054156 0.193692 0.0277147 0.722907 0.00153077 
0.000416 6349.74 167876 0.0743781 490.266 0.0541867 0.193716 0.0276746 0.722895 0.0015275 
0.000417 6348.76 167878 0.0743874 490.205 0.0542173 0.193741 0.0276348 0.722883 0.00152425 
0.000418 6347.78 167881 0.0743966 490.144 0.0542479 0.193765 0.0275951 0.722871 0.00152102 
0.000419 6346.8 167883 0.0744058 490.083 0.0542783 0.193789 0.0275556 0.722859 0.0015178 
0.00042 6345.83 167885 0.074415 490.023 0.0543087 0.193814 0.0275163 0.722847 0.0015146 
0.000421 6344.86 167887 0.0744241 489.962 0.054339 0.193838 0.0274771 0.722835 0.00151142 
0.000422 6343.89 167889 0.0744333 489.902 0.0543692 0.193862 0.0274382 0.722823 0.00150826 
0.000423 6342.93 167892 0.0744424 489.842 0.0543993 0.193885 0.0273994 0.722811 0.00150511 
0.000424 6341.97 167894 0.0744515 489.783 0.0544294 0.193909 0.0273608 0.722799 0.00150198 
0.000425 6341.01 167896 0.0744605 489.723 0.0544593 0.193933 0.0273224 0.722787 0.00149887 
0.000426 6340.06 167898 0.0744695 489.664 0.0544892 0.193956 0.0272841 0.722775 0.00149577 
0.000427 6339.11 167900 0.0744786 489.604 0.054519 0.19398 0.027246 0.722763 0.00149269 
0.000428 6338.16 167902 0.0744875 489.545 0.0545488 0.194003 0.0272081 0.722751 0.00148963 
0.000429 6337.21 167905 0.0744965 489.486 0.0545784 0.194026 0.0271704 0.722739 0.00148658 
0.00043 6336.27 167907 0.0745055 489.428 0.054608 0.194049 0.0271328 0.722727 0.00148355 
0.000431 6335.33 167909 0.0745144 489.369 0.0546375 0.194072 0.0270954 0.722715 0.00148054 
0.000432 6334.39 167911 0.0745233 489.311 0.0546669 0.194095 0.0270582 0.722702 0.00147754 
0.000433 6333.46 167913 0.0745321 489.252 0.0546962 0.194118 0.0270211 0.72269 0.00147456 
0.000434 6332.53 167915 0.074541 489.194 0.0547255 0.19414 0.0269842 0.722678 0.00147159 
0.000435 6331.6 167917 0.0745498 489.136 0.0547547 0.194163 0.0269475 0.722666 0.00146864 
0.000436 6330.67 167919 0.0745586 489.079 0.0547838 0.194185 0.0269109 0.722654 0.00146571 
0.000437 6329.75 167922 0.0745674 489.021 0.0548129 0.194208 0.0268745 0.722642 0.00146279 
0.000438 6328.83 167924 0.0745762 488.964 0.0548418 0.19423 0.0268383 0.72263 0.00145988 
0.000439 6327.91 167926 0.0745849 488.906 0.0548707 0.194252 0.0268022 0.722618 0.00145699 
0.00044 6327 167928 0.0745936 488.849 0.0548995 0.194274 0.0267663 0.722606 0.00145411 
0.000441 6326.08 167930 0.0746023 488.792 0.0549283 0.194296 0.0267305 0.722594 0.00145125 
0.000442 6325.18 167932 0.074611 488.735 0.0549569 0.194318 0.0266949 0.722582 0.00144841 
0.000443 6324.27 167934 0.0746196 488.679 0.0549855 0.194339 0.0266594 0.72257 0.00144558 
0.000444 6323.36 167936 0.0746283 488.622 0.055014 0.194361 0.0266241 0.722558 0.00144276 
0.000445 6322.46 167938 0.0746369 488.566 0.0550425 0.194383 0.026589 0.722546 0.00143996 
0.000446 6321.57 167940 0.0746454 488.51 0.0550709 0.194404 0.026554 0.722534 0.00143717 
0.000447 6320.67 167942 0.074654 488.454 0.0550992 0.194425 0.0265191 0.722522 0.0014344 
0.000448 6319.78 167944 0.0746625 488.398 0.0551274 0.194447 0.0264844 0.72251 0.00143164 
0.000449 6318.89 167946 0.0746711 488.342 0.0551555 0.194468 0.0264499 0.722498 0.00142889 
0.00045 6318 167948 0.0746796 488.287 0.0551836 0.194489 0.0264155 0.722486 0.00142616 
0.000451 6317.11 167950 0.074688 488.231 0.0552116 0.19451 0.0263813 0.722474 0.00142345 
0.000452 6316.23 167952 0.0746965 488.176 0.0552396 0.194531 0.0263472 0.722462 0.00142074 
0.000453 6315.35 167954 0.0747049 488.121 0.0552675 0.194552 0.0263132 0.72245 0.00141805 
0.000454 6314.47 167956 0.0747133 488.066 0.0552953 0.194572 0.0262794 0.722438 0.00141537 
0.000455 6313.6 167958 0.0747217 488.011 0.055323 0.194593 0.0262458 0.722426 0.00141271 
0.000456 6312.72 167960 0.0747301 487.956 0.0553506 0.194613 0.0262122 0.722414 0.00141006 
0.000457 6311.86 167962 0.0747385 487.902 0.0553782 0.194634 0.0261789 0.722402 0.00140743 
0.000458 6310.99 167964 0.0747468 487.848 0.0554057 0.194654 0.0261456 0.72239 0.0014048 
0.000459 6310.12 167966 0.0747551 487.793 0.0554332 0.194674 0.0261125 0.722378 0.00140219 
0.00046 6309.26 167968 0.0747634 487.739 0.0554606 0.194695 0.0260796 0.722366 0.00139959 
0.000461 6308.4 167970 0.0747716 487.685 0.0554879 0.194715 0.0260468 0.722354 0.00139701 
0.000462 6307.54 167972 0.0747799 487.632 0.0555151 0.194735 0.0260141 0.722342 0.00139444 
0.000463 6306.69 167974 0.0747881 487.578 0.0555423 0.194755 0.0259816 0.72233 0.00139188 
0.000464 6305.84 167976 0.0747963 487.524 0.0555694 0.194774 0.0259492 0.722318 0.00138933 
0.000465 6304.99 167978 0.0748045 487.471 0.0555965 0.194794 0.0259169 0.722306 0.0013868 
0.000466 6304.14 167980 0.0748127 487.418 0.0556234 0.194814 0.0258848 0.722294 0.00138427 
0.000467 6303.29 167982 0.0748208 487.365 0.0556503 0.194833 0.0258528 0.722282 0.00138176 
0.000468 6302.45 167984 0.074829 487.312 0.0556772 0.194853 0.0258209 0.72227 0.00137927 
0.000469 6301.61 167986 0.0748371 487.259 0.0557039 0.194872 0.0257892 0.722258 0.00137678 
0.00047 6300.77 167988 0.0748451 487.206 0.0557306 0.194892 0.0257576 0.722246 0.00137431 
0.000471 6299.94 167990 0.0748532 487.154 0.0557573 0.194911 0.0257261 0.722234 0.00137185 
0.000472 6299.1 167992 0.0748613 487.101 0.0557838 0.19493 0.0256948 0.722222 0.0013694 
0.000473 6298.27 167993 0.0748693 487.049 0.0558104 0.194949 0.0256636 0.72221 0.00136696 
0.000474 6297.44 167995 0.0748773 486.997 0.0558368 0.194968 0.0256325 0.722198 0.00136453 
0.000475 6296.62 167997 0.0748853 486.945 0.0558632 0.194987 0.0256015 0.722186 0.00136212 
0.000476 6295.79 167999 0.0748933 486.893 0.0558895 0.195006 0.0255707 0.722174 0.00135972 
0.000477 6294.97 168001 0.0749012 486.842 0.0559157 0.195025 0.02554 0.722162 0.00135732 
0.000478 6294.15 168003 0.0749091 486.79 0.0559419 0.195043 0.0255094 0.72215 0.00135494 
0.000479 6293.34 168005 0.0749171 486.739 0.055968 0.195062 0.025479 0.722139 0.00135258 
0.00048 6292.52 168007 0.074925 486.687 0.0559941 0.19508 0.0254487 0.722127 0.00135022 
0.000481 6291.71 168009 0.0749328 486.636 0.0560201 0.195099 0.0254185 0.722115 0.00134787 
0.000482 6290.9 168010 0.0749407 486.585 0.056046 0.195117 0.0253884 0.722103 0.00134554 
0.000483 6290.09 168012 0.0749485 486.534 0.0560718 0.195136 0.0253584 0.722091 0.00134321 
0.000484 6289.29 168014 0.0749563 486.484 0.0560976 0.195154 0.0253286 0.722079 0.0013409 
0.000485 6288.48 168016 0.0749641 486.433 0.0561234 0.195172 0.0252989 0.722067 0.0013386 
0.000486 6287.68 168018 0.0749719 486.383 0.0561491 0.19519 0.0252693 0.722055 0.0013363 
0.000487 6286.88 168020 0.0749797 486.332 0.0561747 0.195208 0.0252398 0.722044 0.00133402 
0.000488 6286.09 168021 0.0749874 486.282 0.0562002 0.195226 0.0252104 0.722032 0.00133175 
0.000489 6285.29 168023 0.0749952 486.232 0.0562257 0.195244 0.0251812 0.72202 0.00132949 
0.00049 6284.5 168025 0.0750029 486.182 0.0562511 0.195262 0.025152 0.722008 0.00132724 
0.000491 6283.71 168027 0.0750105 486.132 0.0562765 0.195279 0.025123 0.721996 0.00132501 
0.000492 6282.92 168029 0.0750182 486.082 0.0563018 0.195297 0.0250941 0.721984 0.00132278 
0.000493 6282.14 168031 0.0750259 486.033 0.056327 0.195314 0.0250653 0.721973 0.00132056 
0.000494 6281.35 168032 0.0750335 485.983 0.0563522 0.195332 0.0250367 0.721961 0.00131835 
0.000495 6280.57 168034 0.0750411 485.934 0.0563773 0.195349 0.0250081 0.721949 0.00131615 
0.000496 6279.79 168036 0.0750487 485.885 0.0564024 0.195367 0.0249797 0.721937 0.00131396 
0.000497 6279.02 168038 0.0750563 485.836 0.0564274 0.195384 0.0249513 0.721925 0.00131179 
0.000498 6278.24 168040 0.0750639 485.787 0.0564523 0.195401 0.0249231 0.721914 0.00130962 
0.000499 6277.47 168041 0.0750714 485.738 0.0564772 0.195418 0.024895 0.721902 0.00130746 
0.0005 6276.7 168043 0.0750789 485.689 0.056502 0.195435 0.024867 0.72189 0.00130531 
0.000501 6275.93 168045 0.0750865 485.641 0.0565268 0.195452 0.0248391 0.721878 0.00130317 
0.000502 6275.16 168047 0.0750939 485.592 0.0565515 0.195469 0.0248113 0.721867 0.00130105 
0.000503 6274.4 168048 0.0751014 485.544 0.0565761 0.195486 0.0247837 0.721855 0.00129893 
0.000504 6273.63 168050 0.0751089 485.496 0.0566007 0.195503 0.0247561 0.721843 0.00129682 
0.000505 6272.87 168052 0.0751163 485.448 0.0566252 0.19552 0.0247286 0.721832 0.00129472 
0.000506 6272.12 168054 0.0751237 485.4 0.0566497 0.195537 0.0247013 0.72182 0.00129263 
0.000507 6271.36 168055 0.0751311 485.352 0.0566741 0.195553 0.024674 0.721808 0.00129055 
0.000508 6270.6 168057 0.0751385 485.304 0.0566984 0.19557 0.0246469 0.721797 0.00128847 
0.000509 6269.85 168059 0.0751459 485.256 0.0567227 0.195586 0.0246199 0.721785 0.00128641 
0.00051 6269.1 168061 0.0751533 485.209 0.056747 0.195603 0.0245929 0.721773 0.00128436 
0.000511 6268.35 168062 0.0751606 485.162 0.0567711 0.195619 0.0245661 0.721762 0.00128231 
0.000512 6267.61 168064 0.0751679 485.114 0.0567953 0.195635 0.0245394 0.72175 0.00128028 
0.000513 6266.86 168066 0.0751752 485.067 0.0568193 0.195651 0.0245127 0.721738 0.00127825 
0.000514 6266.12 168067 0.0751825 485.02 0.0568433 0.195668 0.0244862 0.721727 0.00127623 
0.000515 6265.38 168069 0.0751898 484.973 0.0568673 0.195684 0.0244598 0.721715 0.00127423 
0.000516 6264.64 168071 0.075197 484.926 0.0568912 0.1957 0.0244335 0.721703 0.00127223 
0.000517 6263.9 168073 0.0752043 484.88 0.056915 0.195716 0.0244072 0.721692 0.00127024 
0.000518 6263.17 168074 0.0752115 484.833 0.0569388 0.195732 0.0243811 0.72168 0.00126825 
0.000519 6262.44 168076 0.0752187 484.787 0.0569625 0.195747 0.0243551 0.721669 0.00126628 
0.00052 6261.71 168078 0.0752259 484.74 0.0569862 0.195763 0.0243292 0.721657 0.00126432 
0.000521 6260.98 168079 0.0752331 484.694 0.0570098 0.195779 0.0243033 0.721646 0.00126236 
0.000522 6260.25 168081 0.0752402 484.648 0.0570333 0.195795 0.0242776 0.721634 0.00126041 
0.000523 6259.53 168083 0.0752474 484.602 0.0570568 0.19581 0.0242519 0.721622 0.00125847 
0.000524 6258.8 168084 0.0752545 484.556 0.0570803 0.195826 0.0242264 0.721611 0.00125654 
0.000525 6258.08 168086 0.0752616 484.511 0.0571037 0.195841 0.024201 0.721599 0.00125462 
0.000526 6257.36 168088 0.0752687 484.465 0.057127 0.195857 0.0241756 0.721588 0.00125271 
0.000527 6256.65 168089 0.0752757 484.419 0.0571503 0.195872 0.0241503 0.721576 0.0012508 
0.000528 6255.93 168091 0.0752828 484.374 0.0571735 0.195887 0.0241252 0.721565 0.0012489 
0.000529 6255.22 168093 0.0752898 484.329 0.0571967 0.195903 0.0241001 0.721553 0.00124701 
0.00053 6254.5 168094 0.0752969 484.284 0.0572198 0.195918 0.0240751 0.721542 0.00124513 
0.000531 6253.79 168096 0.0753039 484.238 0.0572429 0.195933 0.0240502 0.721531 0.00124326 
0.000532 6253.09 168098 0.0753109 484.193 0.0572659 0.195948 0.0240254 0.721519 0.00124139 
0.000533 6252.38 168099 0.0753179 484.149 0.0572889 0.195963 0.0240007 0.721508 0.00123954 
0.000534 6251.68 168101 0.0753248 484.104 0.0573118 0.195978 0.0239761 0.721496 0.00123769 
0.000535 6250.97 168103 0.0753318 484.059 0.0573347 0.195993 0.0239516 0.721485 0.00123585 
0.000536 6250.27 168104 0.0753387 484.015 0.0573575 0.196008 0.0239272 0.721473 0.00123401 
0.000537 6249.57 168106 0.0753456 483.97 0.0573802 0.196023 0.0239028 0.721462 0.00123219 
0.000538 6248.88 168107 0.0753525 483.926 0.0574029 0.196037 0.0238786 0.721451 0.00123037 
0.000539 6248.18 168109 0.0753594 483.882 0.0574256 0.196052 0.0238544 0.721439 0.00122856 
0.00054 6247.49 168111 0.0753663 483.838 0.0574482 0.196067 0.0238303 0.721428 0.00122675 
0.000541 6246.79 168112 0.0753731 483.794 0.0574707 0.196081 0.0238063 0.721417 0.00122496 
0.000542 6246.1 168114 0.07538 483.75 0.0574932 0.196096 0.0237824 0.721405 0.00122317 
0.000543 6245.42 168115 0.0753868 483.706 0.0575156 0.19611 0.0237586 0.721394 0.00122139 
0.000544 6244.73 168117 0.0753936 483.662 0.057538 0.196125 0.0237349 0.721383 0.00121962 
0.000545 6244.04 168119 0.0754004 483.619 0.0575604 0.196139 0.0237112 0.721371 0.00121785 
0.000546 6243.36 168120 0.0754072 483.575 0.0575826 0.196154 0.0236877 0.72136 0.00121609 
0.000547 6242.68 168122 0.0754139 483.532 0.0576049 0.196168 0.0236642 0.721349 0.00121434 
0.000548 6242 168123 0.0754207 483.489 0.0576271 0.196182 0.0236408 0.721338 0.0012126 
0.000549 6241.32 168125 0.0754274 483.445 0.0576492 0.196196 0.0236175 0.721326 0.00121086 
0.00055 6240.65 168126 0.0754341 483.402 0.0576713 0.19621 0.0235943 0.721315 0.00120913 
0.000551 6239.97 168128 0.0754408 483.359 0.0576933 0.196224 0.0235711 0.721304 0.00120741 
0.000552 6239.3 168130 0.0754475 483.316 0.0577153 0.196238 0.023548 0.721293 0.00120569 
0.000553 6238.63 168131 0.0754542 483.274 0.0577372 0.196252 0.0235251 0.721281 0.00120398 
0.000554 6237.96 168133 0.0754609 483.231 0.0577591 0.196266 0.0235022 0.72127 0.00120228 
0.000555 6237.29 168134 0.0754675 483.189 0.057781 0.19628 0.0234793 0.721259 0.00120059 
0.000556 6236.62 168136 0.0754741 483.146 0.0578027 0.196294 0.0234566 0.721248 0.0011989 
0.000557 6235.96 168137 0.0754808 483.104 0.0578245 0.196308 0.0234339 0.721237 0.00119722 
0.000558 6235.3 168139 0.0754874 483.061 0.0578462 0.196321 0.0234114 0.721226 0.00119555 
0.000559 6234.64 168140 0.0754939 483.019 0.0578678 0.196335 0.0233889 0.721214 0.00119388 
0.00056 6233.98 168142 0.0755005 482.977 0.0578894 0.196349 0.0233664 0.721203 0.00119222 
0.000561 6233.32 168143 0.0755071 482.935 0.0579109 0.196362 0.0233441 0.721192 0.00119057 
0.000562 6232.66 168145 0.0755136 482.893 0.0579324 0.196376 0.0233218 0.721181 0.00118892 
0.000563 6232.01 168147 0.0755201 482.852 0.0579539 0.196389 0.0232996 0.72117 0.00118728 
0.000564 6231.35 168148 0.0755267 482.81 0.0579753 0.196403 0.0232775 0.721159 0.00118565 
0.000565 6230.7 168150 0.0755332 482.768 0.0579966 0.196416 0.0232555 0.721148 0.00118402 
0.000566 6230.05 168151 0.0755397 482.727 0.0580179 0.196429 0.0232335 0.721137 0.0011824 
0.000567 6229.4 168153 0.0755461 482.686 0.0580392 0.196443 0.0232117 0.721126 0.00118078 
0.000568 6228.76 168154 0.0755526 482.644 0.0580604 0.196456 0.0231899 0.721115 0.00117918 
0.000569 6228.11 168156 0.075559 482.603 0.0580815 0.196469 0.0231681 0.721104 0.00117758 
0.00057 6227.47 168157 0.0755655 482.562 0.0581027 0.196482 0.0231465 0.721093 0.00117598 
0.000571 6226.83 168159 0.0755719 482.521 0.0581237 0.196495 0.0231249 0.721082 0.00117439 
0.000572 6226.19 168160 0.0755783 482.48 0.0581447 0.196508 0.0231034 0.721071 0.00117281 
0.000573 6225.55 168162 0.0755847 482.439 0.0581657 0.196521 0.023082 0.72106 0.00117123 
0.000574 6224.91 168163 0.0755911 482.399 0.0581866 0.196534 0.0230606 0.721049 0.00116966 
0.000575 6224.28 168165 0.0755974 482.358 0.0582075 0.196547 0.0230393 0.721038 0.0011681 
0.000576 6223.64 168166 0.0756038 482.318 0.0582283 0.19656 0.0230181 0.721027 0.00116654 
0.000577 6223.01 168167 0.0756101 482.277 0.0582491 0.196573 0.022997 0.721016 0.00116499 
0.000578 6222.38 168169 0.0756164 482.237 0.0582699 0.196586 0.0229759 0.721005 0.00116345 
0.000579 6221.75 168170 0.0756227 482.197 0.0582906 0.196598 0.0229549 0.720994 0.00116191 
0.00058 6221.12 168172 0.075629 482.157 0.0583112 0.196611 0.022934 0.720983 0.00116037 
0.000581 6220.5 168173 0.0756353 482.117 0.0583318 0.196624 0.0229131 0.720972 0.00115885 
0.000582 6219.87 168175 0.0756416 482.077 0.0583524 0.196636 0.0228923 0.720962 0.00115733 
0.000583 6219.25 168176 0.0756478 482.037 0.0583729 0.196649 0.0228716 0.720951 0.00115581 
0.000584 6218.63 168178 0.0756541 481.997 0.0583933 0.196661 0.0228509 0.72094 0.0011543 
0.000585 6218.01 168179 0.0756603 481.957 0.0584138 0.196674 0.0228304 0.720929 0.0011528 
0.000586 6217.39 168181 0.0756665 481.918 0.0584341 0.196686 0.0228099 0.720918 0.0011513 
0.000587 6216.77 168182 0.0756727 481.878 0.0584545 0.196699 0.0227894 0.720908 0.00114981 
0.000588 6216.16 168183 0.0756789 481.839 0.0584748 0.196711 0.0227691 0.720897 0.00114832 
0.000589 6215.54 168185 0.0756851 481.8 0.058495 0.196723 0.0227488 0.720886 0.00114684 
0.00059 6214.93 168186 0.0756912 481.76 0.0585152 0.196736 0.0227285 0.720875 0.00114537 
0.000591 6214.32 168188 0.0756974 481.721 0.0585354 0.196748 0.0227083 0.720864 0.0011439 
0.000592 6213.71 168189 0.0757035 481.682 0.0585555 0.19676 0.0226882 0.720854 0.00114243 
0.000593 6213.1 168191 0.0757096 481.643 0.0585755 0.196772 0.0226682 0.720843 0.00114097 
0.000594 6212.49 168192 0.0757158 481.604 0.0585956 0.196784 0.0226482 0.720832 0.00113952 
0.000595 6211.89 168193 0.0757218 481.566 0.0586155 0.196796 0.0226283 0.720822 0.00113808 
0.000596 6211.28 168195 0.0757279 481.527 0.0586355 0.196808 0.0226085 0.720811 0.00113663 
0.000597 6210.68 168196 0.075734 481.488 0.0586554 0.19682 0.0225887 0.7208 0.0011352 
0.000598 6210.08 168198 0.0757401 481.45 0.0586752 0.196832 0.022569 0.72079 0.00113377 
0.000599 6209.48 168199 0.0757461 481.411 0.058695 0.196844 0.0225494 0.720779 0.00113234 
0.0006 6208.88 168200 0.0757521 481.373 0.0587148 0.196856 0.0225298 0.720768 0.00113092 
0.000601 6208.28 168202 0.0757582 481.335 0.0587345 0.196868 0.0225103 0.720758 0.00112951 
0.000602 6207.69 168203 0.0757642 481.297 0.0587542 0.19688 0.0224908 0.720747 0.0011281 
0.000603 6207.09 168205 0.0757702 481.258 0.0587738 0.196891 0.0224715 0.720737 0.00112669 
0.000604 6206.5 168206 0.0757761 481.22 0.0587934 0.196903 0.0224521 0.720726 0.0011253 
0.000605 6205.91 168207 0.0757821 481.183 0.058813 0.196915 0.0224329 0.720715 0.0011239 
0.000606 6205.32 168209 0.0757881 481.145 0.0588325 0.196926 0.0224137 0.720705 0.00112252 
0.000607 6204.73 168210 0.075794 481.107 0.0588519 0.196938 0.0223945 0.720694 0.00112113 
0.000608 6204.15 168212 0.0758 481.069 0.0588714 0.19695 0.0223755 0.720684 0.00111975 
0.000609 6203.56 168213 0.0758059 481.032 0.0588907 0.196961 0.0223565 0.720673 0.00111838 
0.00061 6202.98 168214 0.0758118 480.994 0.0589101 0.196973 0.0223375 0.720663 0.00111701 
0.000611 6202.39 168216 0.0758177 480.957 0.0589294 0.196984 0.0223186 0.720652 0.00111565 
0.000612 6201.81 168217 0.0758236 480.92 0.0589486 0.196995 0.0222998 0.720642 0.00111429 
0.000613 6201.23 168218 0.0758294 480.882 0.0589679 0.197007 0.022281 0.720631 0.00111294 
0.000614 6200.65 168220 0.0758353 480.845 0.058987 0.197018 0.0222623 0.720621 0.00111159 
0.000615 6200.07 168221 0.0758411 480.808 0.0590062 0.197029 0.0222437 0.720611 0.00111025 
0.000616 6199.5 168222 0.075847 480.771 0.0590253 0.197041 0.0222251 0.7206 0.00110891 
0.000617 6198.92 168224 0.0758528 480.734 0.0590443 0.197052 0.0222065 0.72059 0.00110758 
0.000618 6198.35 168225 0.0758586 480.697 0.0590633 0.197063 0.0221881 0.720579 0.00110625 
0.000619 6197.78 168226 0.0758644 480.661 0.0590823 0.197074 0.0221697 0.720569 0.00110493 
0.00062 6197.21 168228 0.0758702 480.624 0.0591012 0.197085 0.0221513 0.720559 0.00110361 
0.000621 6196.64 168229 0.075876 480.587 0.0591201 0.197096 0.022133 0.720548 0.0011023 
0.000622 6196.07 168230 0.0758817 480.551 0.059139 0.197107 0.0221148 0.720538 0.00110099 
0.000623 6195.5 168232 0.0758875 480.514 0.0591578 0.197118 0.0220966 0.720528 0.00109969 
0.000624 6194.94 168233 0.0758932 480.478 0.0591765 0.197129 0.0220785 0.720517 0.00109839 
0.000625 6194.37 168234 0.075899 480.442 0.0591953 0.19714 0.0220604 0.720507 0.00109709 
0.000626 6193.81 168236 0.0759047 480.406 0.059214 0.197151 0.0220424 0.720497 0.0010958 
0.000627 6193.25 168237 0.0759104 480.37 0.0592326 0.197162 0.0220245 0.720486 0.00109452 
0.000628 6192.69 168238 0.0759161 480.334 0.0592512 0.197173 0.0220066 0.720476 0.00109324 
0.000629 6192.13 168240 0.0759217 480.298 0.0592698 0.197184 0.0219887 0.720466 0.00109196 
0.00063 6191.57 168241 0.0759274 480.262 0.0592883 0.197194 0.0219709 0.720456 0.00109069 
0.000631 6191.01 168242 0.0759331 480.226 0.0593068 0.197205 0.0219532 0.720446 0.00108943 
0.000632 6190.46 168244 0.0759387 480.19 0.0593253 0.197216 0.0219355 0.720435 0.00108816 
0.000633 6189.91 168245 0.0759444 480.155 0.0593437 0.197226 0.0219179 0.720425 0.00108691 
0.000634 6189.35 168246 0.07595 480.119 0.0593621 0.197237 0.0219004 0.720415 0.00108565 
0.000635 6188.8 168247 0.0759556 480.084 0.0593804 0.197248 0.0218829 0.720405 0.00108441 
0.000636 6188.25 168249 0.0759612 480.048 0.0593987 0.197258 0.0218654 0.720395 0.00108316 
0.000637 6187.7 168250 0.0759668 480.013 0.059417 0.197269 0.021848 0.720384 0.00108192 
0.000638 6187.16 168251 0.0759724 479.978 0.0594352 0.197279 0.0218307 0.720374 0.00108069 
0.000639 6186.61 168253 0.0759779 479.942 0.0594534 0.19729 0.0218134 0.720364 0.00107946 
0.00064 6186.06 168254 0.0759835 479.907 0.0594715 0.1973 0.0217961 0.720354 0.00107823 
0.000641 6185.52 168255 0.075989 479.872 0.0594897 0.19731 0.021779 0.720344 0.00107701 
0.000642 6184.98 168256 0.0759946 479.837 0.0595077 0.197321 0.0217618 0.720334 0.00107579 
0.000643 6184.44 168258 0.0760001 479.803 0.0595258 0.197331 0.0217448 0.720324 0.00107458 
0.000644 6183.9 168259 0.0760056 479.768 0.0595438 0.197341 0.0217277 0.720314 0.00107337 
0.000645 6183.36 168260 0.0760111 479.733 0.0595617 0.197352 0.0217108 0.720304 0.00107216 
0.000646 6182.82 168262 0.0760166 479.698 0.0595796 0.197362 0.0216938 0.720294 0.00107096 
0.000647 6182.28 168263 0.0760221 479.664 0.0595975 0.197372 0.021677 0.720284 0.00106976 
0.000648 6181.75 168264 0.0760275 479.629 0.0596154 0.197382 0.0216601 0.720274 0.00106857 
0.000649 6181.21 168265 0.076033 479.595 0.0596332 0.197392 0.0216434 0.720264 0.00106738 
0.00065 6180.68 168267 0.0760384 479.561 0.059651 0.197402 0.0216267 0.720254 0.0010662 
0.000651 6180.15 168268 0.0760439 479.526 0.0596687 0.197412 0.02161 0.720244 0.00106502 
0.000652 6179.62 168269 0.0760493 479.492 0.0596864 0.197422 0.0215934 0.720234 0.00106384 
0.000653 6179.09 168270 0.0760547 479.458 0.0597041 0.197432 0.0215768 0.720224 0.00106267 
0.000654 6178.56 168272 0.0760601 479.424 0.0597217 0.197442 0.0215603 0.720214 0.0010615 
0.000655 6178.03 168273 0.0760655 479.39 0.0597393 0.197452 0.0215438 0.720204 0.00106034 
0.000656 6177.51 168274 0.0760709 479.356 0.0597568 0.197462 0.0215274 0.720194 0.00105918 
0.000657 6176.98 168275 0.0760762 479.322 0.0597743 0.197472 0.0215111 0.720184 0.00105803 
0.000658 6176.46 168276 0.0760816 479.289 0.0597918 0.197482 0.0214947 0.720175 0.00105687 
0.000659 6175.94 168278 0.0760869 479.255 0.0598093 0.197492 0.0214785 0.720165 0.00105573 
0.00066 6175.42 168279 0.0760923 479.221 0.0598267 0.197502 0.0214623 0.720155 0.00105458 
0.000661 6174.9 168280 0.0760976 479.188 0.0598441 0.197511 0.0214461 0.720145 0.00105344 
0.000662 6174.38 168281 0.0761029 479.154 0.0598614 0.197521 0.02143 0.720135 0.00105231 
0.000663 6173.86 168283 0.0761082 479.121 0.0598787 0.197531 0.0214139 0.720125 0.00105117 
0.000664 6173.34 168284 0.0761135 479.088 0.059896 0.197541 0.0213979 0.720116 0.00105005 
0.000665 6172.83 168285 0.0761188 479.054 0.0599132 0.19755 0.0213819 0.720106 0.00104892 
0.000666 6172.31 168286 0.0761241 479.021 0.0599304 0.19756 0.021366 0.720096 0.0010478 
0.000667 6171.8 168287 0.0761293 478.988 0.0599475 0.197569 0.0213501 0.720086 0.00104668 
0.000668 6171.29 168289 0.0761346 478.955 0.0599647 0.197579 0.0213342 0.720077 0.00104557 
0.000669 6170.78 168290 0.0761398 478.922 0.0599818 0.197588 0.0213185 0.720067 0.00104446 
0.00067 6170.27 168291 0.0761451 478.889 0.0599988 0.197598 0.0213027 0.720057 0.00104336 
0.000671 6169.76 168292 0.0761503 478.856 0.0600158 0.197607 0.021287 0.720047 0.00104226 
0.000672 6169.25 168293 0.0761555 478.823 0.0600328 0.197617 0.0212714 0.720038 0.00104116 
0.000673 6168.74 168295 0.0761607 478.791 0.0600498 0.197626 0.0212558 0.720028 0.00104006 
0.000674 6168.24 168296 0.0761659 478.758 0.0600667 0.197636 0.0212402 0.720018 0.00103897 
0.000675 6167.74 168297 0.0761711 478.726 0.0600836 0.197645 0.0212247 0.720009 0.00103789 
0.000676 6167.23 168298 0.0761762 478.693 0.0601004 0.197654 0.0212092 0.719999 0.0010368 
0.000677 6166.73 168299 0.0761814 478.661 0.0601172 0.197664 0.0211938 0.71999 0.00103572 
0.000678 6166.23 168301 0.0761865 478.628 0.060134 0.197673 0.0211784 0.71998 0.00103465 
0.000679 6165.73 168302 0.0761917 478.596 0.0601508 0.197682 0.0211631 0.71997 0.00103358 
0.00068 6165.23 168303 0.0761968 478.564 0.0601675 0.197691 0.0211478 0.719961 0.00103251 
0.000681 6164.73 168304 0.0762019 478.532 0.0601841 0.197701 0.0211326 0.719951 0.00103144 
0.000682 6164.24 168305 0.076207 478.499 0.0602008 0.19771 0.0211174 0.719942 0.00103038 
0.000683 6163.74 168306 0.0762121 478.467 0.0602174 0.197719 0.0211022 0.719932 0.00102932 
0.000684 6163.25 168308 0.0762172 478.436 0.060234 0.197728 0.0210871 0.719923 0.00102827 
0.000685 6162.75 168309 0.0762223 478.404 0.0602505 0.197737 0.0210721 0.719913 0.00102722 
0.000686 6162.26 168310 0.0762274 478.372 0.060267 0.197746 0.021057 0.719904 0.00102617 
0.000687 6161.77 168311 0.0762324 478.34 0.0602835 0.197755 0.0210421 0.719894 0.00102512 
0.000688 6161.28 168312 0.0762375 478.308 0.0603 0.197764 0.0210271 0.719885 0.00102408 
0.000689 6160.79 168313 0.0762425 478.277 0.0603164 0.197773 0.0210122 0.719875 0.00102304 
0.00069 6160.3 168315 0.0762476 478.245 0.0603327 0.197782 0.0209974 0.719866 0.00102201 
0.000691 6159.82 168316 0.0762526 478.214 0.0603491 0.197791 0.0209826 0.719856 0.00102098 
0.000692 6159.33 168317 0.0762576 478.182 0.0603654 0.1978 0.0209678 0.719847 0.00101995 
0.000693 6158.85 168318 0.0762626 478.151 0.0603817 0.197809 0.0209531 0.719838 0.00101893 
0.000694 6158.36 168319 0.0762676 478.12 0.0603979 0.197818 0.0209384 0.719828 0.00101791 
0.000695 6157.88 168320 0.0762726 478.088 0.0604141 0.197826 0.0209238 0.719819 0.00101689 
0.000696 6157.4 168321 0.0762775 478.057 0.0604303 0.197835 0.0209092 0.719809 0.00101588 
0.000697 6156.92 168323 0.0762825 478.026 0.0604465 0.197844 0.0208946 0.7198 0.00101487 
0.000698 6156.44 168324 0.0762875 477.995 0.0604626 0.197853 0.0208801 0.719791 0.00101386 
0.000699 6155.96 168325 0.0762924 477.964 0.0604787 0.197861 0.0208657 0.719781 0.00101285 
0.0007 6155.48 168326 0.0762973 477.933 0.0604947 0.19787 0.0208512 0.719772 0.00101185 
0.000701 6155.01 168327 0.0763023 477.902 0.0605107 0.197879 0.0208368 0.719763 0.00101086 
0.000702 6154.53 168328 0.0763072 477.872 0.0605267 0.197887 0.0208225 0.719753 0.00100986 
0.000703 6154.06 168329 0.0763121 477.841 0.0605427 0.197896 0.0208082 0.719744 0.00100887 
0.000704 6153.58 168330 0.076317 477.81 0.0605586 0.197905 0.0207939 0.719735 0.00100788 
0.000705 6153.11 168331 0.0763219 477.78 0.0605745 0.197913 0.0207797 0.719726 0.0010069 
0.000706 6152.64 168333 0.0763267 477.749 0.0605904 0.197922 0.0207655 0.719716 0.00100592 
0.000707 6152.17 168334 0.0763316 477.719 0.0606062 0.19793 0.0207514 0.719707 0.00100494 
0.000708 6151.7 168335 0.0763365 477.688 0.060622 0.197939 0.0207373 0.719698 0.00100396 
0.000709 6151.23 168336 0.0763413 477.658 0.0606378 0.197947 0.0207232 0.719689 0.00100299 
0.00071 6150.76 168337 0.0763462 477.628 0.0606535 0.197956 0.0207092 0.71968 0.00100202 
0.000711 6150.3 168338 0.076351 477.597 0.0606692 0.197964 0.0206952 0.71967 0.00100106 
0.000712 6149.83 168339 0.0763558 477.567 0.0606849 0.197973 0.0206812 0.719661 0.00100009 
0.000713 6149.37 168340 0.0763606 477.537 0.0607005 0.197981 0.0206673 0.719652 0.000999133 
0.000714 6148.9 168341 0.0763654 477.507 0.0607161 0.197989 0.0206534 0.719643 0.000998176 
0.000715 6148.44 168343 0.0763702 477.477 0.0607317 0.197998 0.0206396 0.719634 0.000997222 
0.000716 6147.98 168344 0.076375 477.447 0.0607472 0.198006 0.0206258 0.719625 0.000996271 
0.000717 6147.52 168345 0.0763798 477.417 0.0607628 0.198014 0.0206121 0.719616 0.000995323 
0.000718 6147.06 168346 0.0763846 477.388 0.0607783 0.198022 0.0205983 0.719607 0.000994379 
0.000719 6146.6 168347 0.0763893 477.358 0.0607937 0.198031 0.0205847 0.719597 0.000993437 
0.00072 6146.14 168348 0.0763941 477.328 0.0608091 0.198039 0.020571 0.719588 0.000992498 
0.000721 6145.69 168349 0.0763988 477.298 0.0608245 0.198047 0.0205574 0.719579 0.000991562 
0.000722 6145.23 168350 0.0764035 477.269 0.0608399 0.198055 0.0205439 0.71957 0.000990629 
0.000723 6144.78 168351 0.0764083 477.239 0.0608552 0.198063 0.0205303 0.719561 0.0009897 
0.000724 6144.32 168352 0.076413 477.21 0.0608705 0.198072 0.0205168 0.719552 0.000988773 
0.000725 6143.87 168353 0.0764177 477.181 0.0608858 0.19808 0.0205034 0.719543 0.000987848 
0.000726 6143.42 168354 0.0764224 477.151 0.0609011 0.198088 0.02049 0.719534 0.000986927 
0.000727 6142.97 168355 0.0764271 477.122 0.0609163 0.198096 0.0204766 0.719525 0.000986009 
0.000728 6142.52 168357 0.0764317 477.093 0.0609315 0.198104 0.0204632 0.719516 0.000985093 
0.000729 6142.07 168358 0.0764364 477.064 0.0609466 0.198112 0.0204499 0.719507 0.000984181 
0.00073 6141.62 168359 0.0764411 477.035 0.0609618 0.19812 0.0204367 0.719499 0.000983271 
0.000731 6141.17 168360 0.0764457 477.006 0.0609769 0.198128 0.0204234 0.71949 0.000982364 
0.000732 6140.73 168361 0.0764504 476.977 0.0609919 0.198136 0.0204102 0.719481 0.00098146 
0.000733 6140.28 168362 0.076455 476.948 0.061007 0.198144 0.0203971 0.719472 0.000980558 
0.000734 6139.84 168363 0.0764596 476.919 0.061022 0.198152 0.0203839 0.719463 0.00097966 
0.000735 6139.39 168364 0.0764642 476.89 0.061037 0.198159 0.0203709 0.719454 0.000978764 
0.000736 6138.95 168365 0.0764688 476.861 0.0610519 0.198167 0.0203578 0.719445 0.000977871 
0.000737 6138.51 168366 0.0764734 476.833 0.0610668 0.198175 0.0203448 0.719436 0.00097698 
0.000738 6138.07 168367 0.076478 476.804 0.0610817 0.198183 0.0203318 0.719427 0.000976092 
0.000739 6137.63 168368 0.0764826 476.776 0.0610966 0.198191 0.0203188 0.719419 0.000975208 
0.00074 6137.19 168369 0.0764872 476.747 0.0611114 0.198198 0.0203059 0.71941 0.000974326 
0.000741 6136.75 168370 0.0764917 476.719 0.0611262 0.198206 0.0202931 0.719401 0.000973446 
0.000742 6136.31 168371 0.0764963 476.69 0.061141 0.198214 0.0202802 0.719392 0.000972569 
0.000743 6135.88 168372 0.0765008 476.662 0.0611558 0.198222 0.0202674 0.719384 0.000971695 
0.000744 6135.44 168373 0.0765054 476.634 0.0611705 0.198229 0.0202546 0.719375 0.000970824 
0.000745 6135.01 168374 0.0765099 476.605 0.0611852 0.198237 0.0202419 0.719366 0.000969955 
0.000746 6134.57 168375 0.0765144 476.577 0.0611998 0.198245 0.0202292 0.719357 0.000969089 
0.000747 6134.14 168376 0.0765189 476.549 0.0612145 0.198252 0.0202165 0.719349 0.000968226 
0.000748 6133.71 168377 0.0765234 476.521 0.0612291 0.19826 0.0202039 0.71934 0.000967365 
0.000749 6133.28 168378 0.0765279 476.493 0.0612437 0.198267 0.0201913 0.719331 0.000966507 
0.00075 6132.85 168379 0.0765324 476.465 0.0612582 0.198275 0.0201787 0.719322 0.000965651 
0.000751 6132.42 168380 0.0765369 476.437 0.0612727 0.198283 0.0201662 0.719314 0.000964798 
0.000752 6131.99 168381 0.0765414 476.409 0.0612872 0.19829 0.0201537 0.719305 0.000963948 
0.000753 6131.56 168382 0.0765458 476.382 0.0613017 0.198298 0.0201412 0.719296 0.0009631 
0.000754 6131.14 168383 0.0765503 476.354 0.0613161 0.198305 0.0201288 0.719288 0.000962255 
0.000755 6130.71 168384 0.0765548 476.326 0.0613305 0.198312 0.0201163 0.719279 0.000961412 
0.000756 6130.29 168386 0.0765592 476.299 0.0613449 0.19832 0.020104 0.719271 0.000960572 
0.000757 6129.86 168387 0.0765636 476.271 0.0613593 0.198327 0.0200916 0.719262 0.000959734 
0.000758 6129.44 168388 0.076568 476.244 0.0613736 0.198335 0.0200793 0.719253 0.000958899 
0.000759 6129.02 168389 0.0765725 476.216 0.0613879 0.198342 0.0200671 0.719245 0.000958067 
0.00076 6128.6 168390 0.0765769 476.189 0.0614022 0.198349 0.0200548 0.719236 0.000957236 
0.000761 6128.18 168391 0.0765813 476.161 0.0614164 0.198357 0.0200426 0.719228 0.000956409 
0.000762 6127.76 168392 0.0765856 476.134 0.0614307 0.198364 0.0200304 0.719219 0.000955583 
0.000763 6127.34 168392 0.07659 476.107 0.0614448 0.198371 0.0200183 0.719211 0.00095476 
0.000764 6126.92 168393 0.0765944 476.08 0.061459 0.198379 0.0200062 0.719202 0.00095394 
0.000765 6126.5 168394 0.0765988 476.052 0.0614731 0.198386 0.0199941 0.719194 0.000953122 
0.000766 6126.09 168395 0.0766031 476.025 0.0614873 0.198393 0.0199821 0.719185 0.000952307 
0.000767 6125.67 168396 0.0766075 475.998 0.0615013 0.1984 0.01997 0.719177 0.000951494 
0.000768 6125.26 168397 0.0766118 475.971 0.0615154 0.198408 0.019958 0.719168 0.000950683 
0.000769 6124.84 168398 0.0766161 475.944 0.0615294 0.198415 0.0199461 0.71916 0.000949875 
0.00077 6124.43 168399 0.0766205 475.918 0.0615434 0.198422 0.0199342 0.719151 0.000949069 
0.000771 6124.02 168400 0.0766248 475.891 0.0615574 0.198429 0.0199223 0.719143 0.000948266 
0.000772 6123.61 168401 0.0766291 475.864 0.0615714 0.198436 0.0199104 0.719135 0.000947465 
0.000773 6123.2 168402 0.0766334 475.837 0.0615853 0.198443 0.0198986 0.719126 0.000946666 
0.000774 6122.79 168403 0.0766377 475.811 0.0615992 0.19845 0.0198868 0.719118 0.00094587 
0.000775 6122.38 168404 0.076642 475.784 0.0616131 0.198457 0.019875 0.719109 0.000945076 
0.000776 6121.97 168405 0.0766463 475.758 0.0616269 0.198465 0.0198633 0.719101 0.000944284 
0.000777 6121.56 168406 0.0766505 475.731 0.0616407 0.198472 0.0198516 0.719093 0.000943495 
0.000778 6121.16 168407 0.0766548 475.705 0.0616545 0.198479 0.0198399 0.719084 0.000942708 
0.000779 6120.75 168408 0.076659 475.678 0.0616683 0.198486 0.0198283 0.719076 0.000941923 
0.00078 6120.35 168409 0.0766633 475.652 0.061682 0.198493 0.0198166 0.719068 0.000941141 
0.000781 6119.94 168410 0.0766675 475.626 0.0616957 0.198499 0.0198051 0.719059 0.000940361 
0.000782 6119.54 168411 0.0766718 475.599 0.0617094 0.198506 0.0197935 0.719051 0.000939583 
0.000783 6119.14 168412 0.076676 475.573 0.0617231 0.198513 0.019782 0.719043 0.000938807 
0.000784 6118.74 168413 0.0766802 475.547 0.0617367 0.19852 0.0197705 0.719035 0.000938034 
0.000785 6118.34 168414 0.0766844 475.521 0.0617503 0.198527 0.019759 0.719026 0.000937263 
0.000786 6117.94 168415 0.0766886 475.495 0.0617639 0.198534 0.0197476 0.719018 0.000936494 
0.000787 6117.54 168416 0.0766928 475.469 0.0617775 0.198541 0.0197362 0.71901 0.000935727 
0.000788 6117.14 168417 0.076697 475.443 0.061791 0.198548 0.0197248 0.719002 0.000934962 
0.000789 6116.74 168418 0.0767012 475.417 0.0618045 0.198555 0.0197134 0.718993 0.0009342 
0.00079 6116.35 168419 0.0767053 475.391 0.061818 0.198561 0.0197021 0.718985 0.00093344 
0.000791 6115.95 168420 0.0767095 475.365 0.0618315 0.198568 0.0196908 0.718977 0.000932682 
0.000792 6115.56 168420 0.0767137 475.34 0.0618449 0.198575 0.0196795 0.718969 0.000931927 
0.000793 6115.16 168421 0.0767178 475.314 0.0618583 0.198582 0.0196683 0.718961 0.000931173 
0.000794 6114.77 168422 0.0767219 475.288 0.0618717 0.198588 0.0196571 0.718952 0.000930422 
0.000795 6114.38 168423 0.0767261 475.263 0.0618851 0.198595 0.0196459 0.718944 0.000929673 
0.000796 6113.98 168424 0.0767302 475.237 0.0618984 0.198602 0.0196348 0.718936 0.000928926 
0.000797 6113.59 168425 0.0767343 475.212 0.0619117 0.198608 0.0196237 0.718928 0.000928181 
0.000798 6113.2 168426 0.0767384 475.186 0.061925 0.198615 0.0196126 0.71892 0.000927438 
0.000799 6112.81 168427 0.0767425 475.161 0.0619382 0.198622 0.0196015 0.718912 0.000926698 
0.0008 6112.42 168428 0.0767466 475.135 0.0619515 0.198628 0.0195905 0.718904 0.000925959 
0.000801 6112.04 168429 0.0767507 475.11 0.0619647 0.198635 0.0195795 0.718896 0.000925223 
0.000802 6111.65 168430 0.0767548 475.085 0.0619779 0.198642 0.0195685 0.718888 0.000924489 
0.000803 6111.26 168431 0.0767589 475.06 0.061991 0.198648 0.0195575 0.71888 0.000923757 
0.000804 6110.88 168432 0.0767629 475.034 0.0620042 0.198655 0.0195466 0.718872 0.000923027 
0.000805 6110.49 168433 0.076767 475.009 0.0620173 0.198661 0.0195357 0.718864 0.000922299 
0.000806 6110.11 168433 0.076771 474.984 0.0620304 0.198668 0.0195248 0.718856 0.000921573 
0.000807 6109.72 168434 0.0767751 474.959 0.0620434 0.198674 0.019514 0.718848 0.000920849 
0.000808 6109.34 168435 0.0767791 474.934 0.0620565 0.198681 0.0195032 0.71884 0.000920128 
0.000809 6108.96 168436 0.0767832 474.909 0.0620695 0.198687 0.0194924 0.718832 0.000919408 
0.00081 6108.58 168437 0.0767872 474.884 0.0620825 0.198694 0.0194816 0.718824 0.00091869 
0.000811 6108.2 168438 0.0767912 474.86 0.0620955 0.1987 0.0194709 0.718816 0.000917975 
0.000812 6107.82 168439 0.0767952 474.835 0.0621084 0.198706 0.0194602 0.718808 0.000917261 
0.000813 6107.44 168440 0.0767992 474.81 0.0621213 0.198713 0.0194495 0.7188 0.000916549 
0.000814 6107.06 168441 0.0768032 474.785 0.0621342 0.198719 0.0194389 0.718792 0.00091584 
0.000815 6106.68 168442 0.0768072 474.761 0.0621471 0.198726 0.0194282 0.718784 0.000915132 
0.000816 6106.31 168442 0.0768112 474.736 0.0621599 0.198732 0.0194176 0.718776 0.000914426 
0.000817 6105.93 168443 0.0768151 474.712 0.0621727 0.198738 0.0194071 0.718768 0.000913723 
0.000818 6105.55 168444 0.0768191 474.687 0.0621855 0.198745 0.0193965 0.71876 0.000913021 
0.000819 6105.18 168445 0.0768231 474.663 0.0621983 0.198751 0.019386 0.718752 0.000912321 
0.00082 6104.81 168446 0.076827 474.638 0.0622111 0.198757 0.0193755 0.718745 0.000911623 
0.000821 6104.43 168447 0.0768309 474.614 0.0622238 0.198764 0.019365 0.718737 0.000910928 
0.000822 6104.06 168448 0.0768349 474.59 0.0622365 0.19877 0.0193546 0.718729 0.000910234 
0.000823 6103.69 168449 0.0768388 474.565 0.0622492 0.198776 0.0193442 0.718721 0.000909542 
0.000824 6103.32 168450 0.0768427 474.541 0.0622619 0.198782 0.0193338 0.718713 0.000908852 
0.000825 6102.95 168450 0.0768467 474.517 0.0622745 0.198789 0.0193234 0.718705 0.000908164 
0.000826 6102.58 168451 0.0768506 474.493 0.0622871 0.198795 0.0193131 0.718698 0.000907477 
0.000827 6102.21 168452 0.0768545 474.469 0.0622997 0.198801 0.0193027 0.71869 0.000906793 
0.000828 6101.84 168453 0.0768584 474.445 0.0623123 0.198807 0.0192924 0.718682 0.000906111 
0.000829 6101.47 168454 0.0768623 474.421 0.0623248 0.198813 0.0192822 0.718674 0.00090543 
0.00083 6101.11 168455 0.0768661 474.397 0.0623373 0.198819 0.0192719 0.718667 0.000904752 
0.000831 6100.74 168456 0.07687 474.373 0.0623498 0.198825 0.0192617 0.718659 0.000904075 
0.000832 6100.37 168457 0.0768739 474.349 0.0623623 0.198832 0.0192515 0.718651 0.0009034 
0.000833 6100.01 168457 0.0768777 474.325 0.0623747 0.198838 0.0192414 0.718643 0.000902727 
0.000834 6099.65 168458 0.0768816 474.301 0.0623872 0.198844 0.0192312 0.718636 0.000902056 
0.000835 6099.28 168459 0.0768854 474.277 0.0623996 0.19885 0.0192211 0.718628 0.000901387 
0.000836 6098.92 168460 0.0768893 474.254 0.062412 0.198856 0.019211 0.71862 0.000900719 
0.000837 6098.56 168461 0.0768931 474.23 0.0624243 0.198862 0.019201 0.718613 0.000900054 
0.000838 6098.2 168462 0.0768969 474.207 0.0624367 0.198868 0.0191909 0.718605 0.00089939 
0.000839 6097.84 168463 0.0769008 474.183 0.062449 0.198874 0.0191809 0.718597 0.000898728 
0.00084 6097.48 168464 0.0769046 474.159 0.0624613 0.19888 0.0191709 0.71859 0.000898068 
0.000841 6097.12 168464 0.0769084 474.136 0.0624736 0.198886 0.019161 0.718582 0.000897409 
0.000842 6096.76 168465 0.0769122 474.113 0.0624858 0.198892 0.019151 0.718575 0.000896753 
0.000843 6096.4 168466 0.076916 474.089 0.062498 0.198898 0.0191411 0.718567 0.000896098 
0.000844 6096.05 168467 0.0769198 474.066 0.0625102 0.198904 0.0191312 0.718559 0.000895445 
0.000845 6095.69 168468 0.0769235 474.043 0.0625224 0.19891 0.0191213 0.718552 0.000894794 
0.000846 6095.33 168469 0.0769273 474.019 0.0625346 0.198916 0.0191115 0.718544 0.000894144 
0.000847 6094.98 168469 0.0769311 473.996 0.0625467 0.198921 0.0191016 0.718537 0.000893496 
0.000848 6094.62 168470 0.0769348 473.973 0.0625588 0.198927 0.0190918 0.718529 0.00089285 
0.000849 6094.27 168471 0.0769386 473.95 0.0625709 0.198933 0.0190821 0.718522 0.000892206 
0.00085 6093.92 168472 0.0769423 473.927 0.062583 0.198939 0.0190723 0.718514 0.000891564 
0.000851 6093.57 168473 0.0769461 473.904 0.062595 0.198945 0.0190626 0.718507 0.000890923 
0.000852 6093.21 168474 0.0769498 473.881 0.0626071 0.198951 0.0190529 0.718499 0.000890284 
0.000853 6092.86 168475 0.0769536 473.858 0.0626191 0.198956 0.0190432 0.718492 0.000889647 
0.000854 6092.51 168475 0.0769573 473.835 0.0626311 0.198962 0.0190335 0.718484 0.000889011 
0.000855 6092.16 168476 0.076961 473.812 0.062643 0.198968 0.0190239 0.718477 0.000888377 
0.000856 6091.82 168477 0.0769647 473.789 0.062655 0.198974 0.0190143 0.718469 0.000887745 
0.000857 6091.47 168478 0.0769684 473.766 0.0626669 0.198979 0.0190047 0.718462 0.000887115 
0.000858 6091.12 168479 0.0769721 473.744 0.0626788 0.198985 0.0189951 0.718454 0.000886486 
0.000859 6090.77 168480 0.0769758 473.721 0.0626907 0.198991 0.0189856 0.718447 0.000885859 
0.00086 6090.43 168480 0.0769795 473.698 0.0627025 0.198997 0.0189761 0.71844 0.000885233 
0.000861 6090.08 168481 0.0769831 473.676 0.0627144 0.199002 0.0189666 0.718432 0.00088461 
0.000862 6089.74 168482 0.0769868 473.653 0.0627262 0.199008 0.0189571 0.718425 0.000883988 
0.000863 6089.39 168483 0.0769905 473.63 0.062738 0.199014 0.0189476 0.718417 0.000883367 
0.000864 6089.05 168484 0.0769941 473.608 0.0627497 0.199019 0.0189382 0.71841 0.000882749 
0.000865 6088.7 168484 0.0769978 473.585 0.0627615 0.199025 0.0189288 0.718403 0.000882132 
0.000866 6088.36 168485 0.0770014 473.563 0.0627732 0.199031 0.0189194 0.718395 0.000881516 
0.000867 6088.02 168486 0.0770051 473.541 0.0627849 0.199036 0.0189101 0.718388 0.000880902 
0.000868 6087.68 168487 0.0770087 473.518 0.0627966 0.199042 0.0189007 0.718381 0.00088029 
0.000869 6087.34 168488 0.0770123 473.496 0.0628083 0.199047 0.0188914 0.718373 0.00087968 
0.00087 6087 168489 0.0770159 473.474 0.0628199 0.199053 0.0188821 0.718366 0.000879071 
0.000871 6086.66 168489 0.0770196 473.452 0.0628316 0.199058 0.0188728 0.718359 0.000878463 
0.000872 6086.32 168490 0.0770232 473.429 0.0628432 0.199064 0.0188636 0.718351 0.000877857 
0.000873 6085.98 168491 0.0770268 473.407 0.0628547 0.19907 0.0188543 0.718344 0.000877253 
0.000874 6085.65 168492 0.0770304 473.385 0.0628663 0.199075 0.0188451 0.718337 0.000876651 
0.000875 6085.31 168493 0.0770339 473.363 0.0628779 0.199081 0.0188359 0.71833 0.00087605 
0.000876 6084.97 168493 0.0770375 473.341 0.0628894 0.199086 0.0188268 0.718322 0.00087545 
0.000877 6084.64 168494 0.0770411 473.319 0.0629009 0.199092 0.0188176 0.718315 0.000874852 
0.000878 6084.3 168495 0.0770447 473.297 0.0629124 0.199097 0.0188085 0.718308 0.000874256 
0.000879 6083.97 168496 0.0770482 473.275 0.0629238 0.199102 0.0187994 0.718301 0.000873661 
0.00088 6083.64 168497 0.0770518 473.254 0.0629353 0.199108 0.0187903 0.718294 0.000873068 
0.000881 6083.3 168497 0.0770553 473.232 0.0629467 0.199113 0.0187812 0.718286 0.000872477 
0.000882 6082.97 168498 0.0770589 473.21 0.0629581 0.199119 0.0187722 0.718279 0.000871887 
0.000883 6082.64 168499 0.0770624 473.188 0.0629695 0.199124 0.0187632 0.718272 0.000871298 
0.000884 6082.31 168500 0.077066 473.167 0.0629808 0.199129 0.0187542 0.718265 0.000870711 
0.000885 6081.98 168501 0.0770695 473.145 0.0629921 0.199135 0.0187452 0.718258 0.000870126 
0.000886 6081.65 168501 0.077073 473.123 0.0630035 0.19914 0.0187363 0.718251 0.000869542 
0.000887 6081.32 168502 0.0770765 473.102 0.0630148 0.199146 0.0187273 0.718243 0.00086896 
0.000888 6080.99 168503 0.07708 473.08 0.063026 0.199151 0.0187184 0.718236 0.000868379 
0.000889 6080.66 168504 0.0770835 473.059 0.0630373 0.199156 0.0187095 0.718229 0.0008678 
0.00089 6080.34 168504 0.077087 473.037 0.0630485 0.199161 0.0187006 0.718222 0.000867222 
0.000891 6080.01 168505 0.0770905 473.016 0.0630598 0.199167 0.0186918 0.718215 0.000866646 
0.000892 6079.68 168506 0.077094 472.994 0.063071 0.199172 0.018683 0.718208 0.000866071 
0.000893 6079.36 168507 0.0770975 472.973 0.0630821 0.199177 0.0186742 0.718201 0.000865498 
0.000894 6079.03 168508 0.077101 472.952 0.0630933 0.199183 0.0186654 0.718194 0.000864926 
0.000895 6078.71 168508 0.0771044 472.931 0.0631044 0.199188 0.0186566 0.718187 0.000864355 
0.000896 6078.38 168509 0.0771079 472.909 0.0631155 0.199193 0.0186478 0.71818 0.000863786 
0.000897 6078.06 168510 0.0771113 472.888 0.0631266 0.199198 0.0186391 0.718173 0.000863219 
0.000898 6077.74 168511 0.0771148 472.867 0.0631377 0.199204 0.0186304 0.718166 0.000862653 
0.000899 6077.42 168511 0.0771182 472.846 0.0631488 0.199209 0.0186217 0.718159 0.000862089 
0.0009 6077.1 168512 0.0771217 472.825 0.0631598 0.199214 0.0186131 0.718152 0.000861525 
0.000901 6076.77 168513 0.0771251 472.804 0.0631709 0.199219 0.0186044 0.718145 0.000860964 
0.000902 6076.45 168514 0.0771285 472.783 0.0631819 0.199224 0.0185958 0.718138 0.000860404 
0.000903 6076.14 168514 0.0771319 472.762 0.0631928 0.199229 0.0185872 0.718131 0.000859845 
0.000904 6075.82 168515 0.0771354 472.741 0.0632038 0.199235 0.0185786 0.718124 0.000859287 
0.000905 6075.5 168516 0.0771388 472.72 0.0632147 0.19924 0.01857 0.718117 0.000858731 
0.000906 6075.18 168517 0.0771422 472.699 0.0632257 0.199245 0.0185614 0.71811 0.000858177 
0.000907 6074.86 168518 0.0771456 472.678 0.0632366 0.19925 0.0185529 0.718103 0.000857624 
0.000908 6074.55 168518 0.077149 472.658 0.0632475 0.199255 0.0185444 0.718096 0.000857072 
0.000909 6074.23 168519 0.0771523 472.637 0.0632583 0.19926 0.0185359 0.718089 0.000856522 
0.00091 6073.91 168520 0.0771557 472.616 0.0632692 0.199265 0.0185274 0.718082 0.000855973 
0.000911 6073.6 168521 0.0771591 472.595 0.06328 0.19927 0.018519 0.718075 0.000855425 
0.000912 6073.29 168521 0.0771625 472.575 0.0632908 0.199275 0.0185106 0.718069 0.000854879 
0.000913 6072.97 168522 0.0771658 472.554 0.0633016 0.19928 0.0185021 0.718062 0.000854335 
0.000914 6072.66 168523 0.0771692 472.534 0.0633124 0.199285 0.0184937 0.718055 0.000853791 
0.000915 6072.35 168524 0.0771725 472.513 0.0633231 0.19929 0.0184854 0.718048 0.00085325 
0.000916 6072.03 168524 0.0771759 472.493 0.0633339 0.199295 0.018477 0.718041 0.000852709 
0.000917 6071.72 168525 0.0771792 472.472 0.0633446 0.1993 0.0184687 0.718034 0.00085217 
0.000918 6071.41 168526 0.0771825 472.452 0.0633553 0.199305 0.0184603 0.718028 0.000851632 
0.000919 6071.1 168527 0.0771859 472.431 0.063366 0.19931 0.018452 0.718021 0.000851096 
0.00092 6070.79 168527 0.0771892 472.411 0.0633766 0.199315 0.0184438 0.718014 0.000850561 
0.000921 6070.48 168528 0.0771925 472.391 0.0633873 0.19932 0.0184355 0.718007 0.000850027 
0.000922 6070.17 168529 0.0771958 472.371 0.0633979 0.199325 0.0184273 0.718 0.000849494 
0.000923 6069.87 168529 0.0771991 472.35 0.0634085 0.19933 0.018419 0.717994 0.000848963 
0.000924 6069.56 168530 0.0772024 472.33 0.0634191 0.199335 0.0184108 0.717987 0.000848434 
0.000925 6069.25 168531 0.0772057 472.31 0.0634296 0.19934 0.0184026 0.71798 0.000847905 
0.000926 6068.95 168532 0.077209 472.29 0.0634402 0.199345 0.0183945 0.717973 0.000847378 
0.000927 6068.64 168532 0.0772123 472.27 0.0634507 0.199349 0.0183863 0.717967 0.000846853 
0.000928 6068.33 168533 0.0772156 472.25 0.0634612 0.199354 0.0183782 0.71796 0.000846328 
0.000929 6068.03 168534 0.0772188 472.23 0.0634717 0.199359 0.0183701 0.717953 0.000845805 
0.00093 6067.73 168535 0.0772221 472.21 0.0634822 0.199364 0.018362 0.717947 0.000845283 
0.000931 6067.42 168535 0.0772254 472.19 0.0634927 0.199369 0.0183539 0.71794 0.000844763 
0.000932 6067.12 168536 0.0772286 472.17 0.0635031 0.199374 0.0183458 0.717933 0.000844243 
0.000933 6066.82 168537 0.0772319 472.15 0.0635135 0.199378 0.0183378 0.717926 0.000843725 
0.000934 6066.51 168538 0.0772351 472.13 0.0635239 0.199383 0.0183298 0.71792 0.000843209 
0.000935 6066.21 168538 0.0772384 472.11 0.0635343 0.199388 0.0183217 0.717913 0.000842693 
0.000936 6065.91 168539 0.0772416 472.091 0.0635447 0.199393 0.0183138 0.717907 0.000842179 
0.000937 6065.61 168540 0.0772448 472.071 0.063555 0.199398 0.0183058 0.7179 0.000841666 
0.000938 6065.31 168540 0.0772481 472.051 0.0635654 0.199402 0.0182978 0.717893 0.000841155 
0.000939 6065.01 168541 0.0772513 472.031 0.0635757 0.199407 0.0182899 0.717887 0.000840644 
0.00094 6064.71 168542 0.0772545 472.012 0.063586 0.199412 0.018282 0.71788 0.000840135 
0.000941 6064.42 168543 0.0772577 471.992 0.0635963 0.199417 0.0182741 0.717873 0.000839628 
0.000942 6064.12 168543 0.0772609 471.973 0.0636065 0.199421 0.0182662 0.717867 0.000839121 
0.000943 6063.82 168544 0.0772641 471.953 0.0636168 0.199426 0.0182583 0.71786 0.000838616 
0.000944 6063.52 168545 0.0772673 471.934 0.063627 0.199431 0.0182505 0.717854 0.000838112 
0.000945 6063.23 168545 0.0772705 471.914 0.0636372 0.199435 0.0182426 0.717847 0.000837609 
0.000946 6062.93 168546 0.0772736 471.895 0.0636474 0.19944 0.0182348 0.717841 0.000837108 
0.000947 6062.64 168547 0.0772768 471.875 0.0636576 0.199445 0.018227 0.717834 0.000836607 
0.000948 6062.34 168548 0.07728 471.856 0.0636677 0.199449 0.0182193 0.717828 0.000836108 
0.000949 6062.05 168548 0.0772832 471.837 0.0636779 0.199454 0.0182115 0.717821 0.00083561 
0.00095 6061.76 168549 0.0772863 471.817 0.063688 0.199459 0.0182037 0.717815 0.000835114 
0.000951 6061.46 168550 0.0772895 471.798 0.0636981 0.199463 0.018196 0.717808 0.000834618 
0.000952 6061.17 168550 0.0772926 471.779 0.0637082 0.199468 0.0181883 0.717802 0.000834124 
0.000953 6060.88 168551 0.0772958 471.76 0.0637182 0.199472 0.0181806 0.717795 0.000833631 
0.000954 6060.59 168552 0.0772989 471.741 0.0637283 0.199477 0.0181729 0.717789 0.00083314 
0.000955 6060.3 168552 0.077302 471.721 0.0637383 0.199482 0.0181653 0.717782 0.000832649 
0.000956 6060.01 168553 0.0773052 471.702 0.0637483 0.199486 0.0181576 0.717776 0.00083216 
0.000957 6059.72 168554 0.0773083 471.683 0.0637583 0.199491 0.01815 0.717769 0.000831672 
0.000958 6059.43 168554 0.0773114 471.664 0.0637683 0.199495 0.0181424 0.717763 0.000831185 
0.000959 6059.14 168555 0.0773145 471.645 0.0637783 0.1995 0.0181348 0.717756 0.000830699 
0.00096 6058.85 168556 0.0773176 471.626 0.0637882 0.199504 0.0181272 0.71775 0.000830214 
0.000961 6058.56 168557 0.0773207 471.607 0.0637982 0.199509 0.0181197 0.717744 0.000829731 
0.000962 6058.28 168557 0.0773238 471.589 0.0638081 0.199513 0.0181121 0.717737 0.000829249 
0.000963 6057.99 168558 0.0773269 471.57 0.063818 0.199518 0.0181046 0.717731 0.000828768 
0.000964 6057.7 168559 0.07733 471.551 0.0638279 0.199522 0.0180971 0.717725 0.000828288 
0.000965 6057.42 168559 0.0773331 471.532 0.0638377 0.199527 0.0180896 0.717718 0.000827809 
0.000966 6057.13 168560 0.0773362 471.513 0.0638476 0.199531 0.0180821 0.717712 0.000827331 
0.000967 6056.85 168561 0.0773392 471.495 0.0638574 0.199536 0.0180747 0.717705 0.000826855 
0.000968 6056.56 168561 0.0773423 471.476 0.0638672 0.19954 0.0180672 0.717699 0.000826379 
0.000969 6056.28 168562 0.0773454 471.457 0.063877 0.199545 0.0180598 0.717693 0.000825905 
0.00097 6056 168563 0.0773484 471.439 0.0638868 0.199549 0.0180524 0.717686 0.000825432 
0.000971 6055.71 168563 0.0773515 471.42 0.0638965 0.199553 0.018045 0.71768 0.00082496 
0.000972 6055.43 168564 0.0773545 471.401 0.0639063 0.199558 0.0180376 0.717674 0.000824489 
0.000973 6055.15 168565 0.0773576 471.383 0.063916 0.199562 0.0180302 0.717668 0.00082402 
0.000974 6054.87 168565 0.0773606 471.364 0.0639257 0.199567 0.0180229 0.717661 0.000823551 
0.000975 6054.59 168566 0.0773636 471.346 0.0639354 0.199571 0.0180155 0.717655 0.000823084 
0.000976 6054.31 168567 0.0773666 471.328 0.0639451 0.199575 0.0180082 0.717649 0.000822618 
0.000977 6054.03 168567 0.0773697 471.309 0.0639548 0.19958 0.0180009 0.717642 0.000822152 
0.000978 6053.75 168568 0.0773727 471.291 0.0639644 0.199584 0.0179936 0.717636 0.000821688 
0.000979 6053.47 168569 0.0773757 471.272 0.0639741 0.199588 0.0179864 0.71763 0.000821226 
0.00098 6053.19 168569 0.0773787 471.254 0.0639837 0.199593 0.0179791 0.717624 0.000820764 
0.000981 6052.92 168570 0.0773817 471.236 0.0639933 0.199597 0.0179719 0.717618 0.000820303 
0.000982 6052.64 168571 0.0773847 471.218 0.0640029 0.199601 0.0179646 0.717611 0.000819843 
0.000983 6052.36 168571 0.0773877 471.199 0.0640124 0.199606 0.0179574 0.717605 0.000819385 
0.000984 6052.09 168572 0.0773907 471.181 0.064022 0.19961 0.0179503 0.717599 0.000818928 
0.000985 6051.81 168573 0.0773937 471.163 0.0640315 0.199614 0.0179431 0.717593 0.000818471 
0.000986 6051.53 168573 0.0773966 471.145 0.064041 0.199618 0.0179359 0.717587 0.000818016 
0.000987 6051.26 168574 0.0773996 471.127 0.0640505 0.199623 0.0179288 0.71758 0.000817562 
0.000988 6050.99 168575 0.0774026 471.109 0.06406 0.199627 0.0179216 0.717574 0.000817109 
0.000989 6050.71 168575 0.0774055 471.091 0.0640695 0.199631 0.0179145 0.717568 0.000816657 
0.00099 6050.44 168576 0.0774085 471.073 0.0640789 0.199635 0.0179074 0.717562 0.000816206 
0.000991 6050.17 168577 0.0774115 471.055 0.0640884 0.19964 0.0179003 0.717556 0.000815756 
0.000992 6049.89 168577 0.0774144 471.037 0.0640978 0.199644 0.0178933 0.71755 0.000815307 
0.000993 6049.62 168578 0.0774173 471.019 0.0641072 0.199648 0.0178862 0.717544 0.00081486 
0.000994 6049.35 168579 0.0774203 471.001 0.0641166 0.199652 0.0178792 0.717538 0.000814413 
0.000995 6049.08 168579 0.0774232 470.983 0.064126 0.199657 0.0178721 0.717531 0.000813967 
0.000996 6048.81 168580 0.0774261 470.965 0.0641353 0.199661 0.0178651 0.717525 0.000813523 
0.000997 6048.54 168581 0.0774291 470.948 0.0641447 0.199665 0.0178581 0.717519 0.000813079 
0.000998 6048.27 168581 0.077432 470.93 0.064154 0.199669 0.0178512 0.717513 0.000812637 
0.000999 6048 168582 0.0774349 470.912 0.0641633 0.199673 0.0178442 0.717507 0.000812195 
0.001 6047.73 168583 0.0774378 470.894 0.0641726 0.199677 0.0178372 0.717501 0.000811755 
