.N2-N2.
  -0.0065954     0.13921     -1.1559      6.9352
  -0.0087373     0.19482     -1.6023      8.1845
           0           0           0      0.1398
-------------------------------------------------------
.N2-O2.
  -0.0075402     0.18112     -1.6451      8.3532
  -0.0077194     0.18422     -1.6438      8.3784
           0           0           0      0.1398
-------------------------------------------------------
.N2-NO.
  -0.0044712    0.085743    -0.74747      5.9196
   -0.010293     0.22209     -1.7762      8.5553
           0           0           0      0.1398
-------------------------------------------------------
.N2-N.
   -0.011004      0.2312     -1.8251      8.3873
  -0.0083609     0.17867     -1.4538       7.592
           0           0           0      0.1398
-------------------------------------------------------
.N2-O.
   -0.013133     0.30337     -2.5107     10.1209
  -0.0086068     0.20293     -1.7711      8.4376
           0           0           0      0.1398
-------------------------------------------------------
.N2-Ar.
  -0.0094828     0.21515     -1.8021      8.5734
   -0.011782     0.27021     -2.2095      9.6233
           0           0           0      0.1398
-------------------------------------------------------
.O2-O2.
  -0.0023382     0.05163    -0.57854      5.6041
  -0.0089481     0.20661     -1.7522      8.6099
           0           0           0      0.1398
-------------------------------------------------------
.O2-NO.
  -0.0028287    0.058298    -0.60533      5.6543
  -0.0099111     0.22458     -1.8646      8.8697
           0           0           0      0.1398
-------------------------------------------------------
.O2-N.
  -0.0013912    0.018762    -0.27412      4.4792
 -0.00099654    0.010448    -0.20355      4.4182
           0           0           0      0.1398
-------------------------------------------------------
.O2-O.
  -0.0054728     0.11737      -1.077      6.6924
  -0.0048909     0.10203    -0.92283      6.3111
           0           0           0      0.1398
-------------------------------------------------------
.O2-Ar.
  -0.0063087       0.143     -1.2832      7.4047
   -0.008881     0.19901     -1.6574      8.2803
           0           0           0      0.1398
-------------------------------------------------------
.NO-NO.
  -0.0033514    0.065345    -0.63232      5.6988
   -0.010965      0.2449     -1.9968       9.182
           0           0           0      0.1398
-------------------------------------------------------
.NO-N.
  -0.0025266    0.042922    -0.46807      5.1069
  -0.0021622    0.035741    -0.40761      5.0826
           0           0           0      0.1398
-------------------------------------------------------
.NO-O.
  -0.0019582    0.033145     -0.3905      4.7846
  -0.0017714     0.03007    -0.36342      4.8401
           0           0           0      0.1398
-------------------------------------------------------
.NO-Ar.
  -0.0055343     0.12051     -1.0711      6.7943
   -0.011255     0.25673      -2.119      9.5318
           0           0           0      0.1398
-------------------------------------------------------
.N-N.
    -0.01013     0.22157     -1.8319      8.3528
  -0.0082374     0.18303     -1.5724      7.8962
           0           0           0      0.1398
-------------------------------------------------------
.N-O.
  -0.0066447     0.14059     -1.2215       6.891
  -0.0040146    0.078168    -0.71478      5.6299
           0           0           0      0.1398
-------------------------------------------------------
.N-Ar.
  -0.0011075    0.010035    -0.21534      4.4329
  -0.0011364    0.011954    -0.22413      4.5798
           0           0           0      0.1398
-------------------------------------------------------
.O-O.
  -0.0054602     0.12446     -1.2233      7.2311
  -0.0031688    0.071731    -0.80581      6.2443
           0           0           0      0.1398
-------------------------------------------------------
.O-Ar.
  -0.0009578   0.0091255    -0.19847      4.4214
  -0.0010027    0.010994    -0.20596      4.5559
           0           0           0      0.1398
-------------------------------------------------------
.Ar-Ar.
  -0.0069386     0.16203     -1.4644      7.9675
   -0.010458     0.24162      -2.033      9.3732
           0           0           0      0.1398
-------------------------------------------------------
.em-N2.
   -0.029031     0.58077     -3.4068      7.3027
   -0.030332     0.56809     -2.9363      5.0716
  -0.0061328    0.070282     0.37698     -4.4915
-------------------------------------------------------
.em-O2.
    0.017465    -0.54401      5.5384    -16.6444
   0.0097032    -0.33931      3.8181    -11.9787
  -0.0026078   -0.025556      1.1173     -6.0261
-------------------------------------------------------
.em-NO.
    0.078306     -1.9835     16.5063    -42.6294
   -0.053851      1.5865      -15.77     55.0371
     0.12049     -3.2878     29.6779    -88.4319
-------------------------------------------------------
.em-N.
   -0.067156      2.0127    -19.4992     63.2782
   -0.082948      2.2367    -20.1604     63.0591
    0.042887    -0.83166      4.6147     -5.4509
-------------------------------------------------------
.em-O.
   0.0085066    -0.23611      2.3343     -6.8488
   -0.019252     0.43724     -2.9464      6.7816
   0.0048682    -0.15767      1.6324       -5.58
-------------------------------------------------------
.em-Ar.
   -0.017284     0.44077     -2.6943      2.1874
    -0.10608      2.5812     -19.631     46.6899
    -0.77753     15.6268     -78.228     -3.9783
-------------------------------------------------------
.CO2-CO2.
   -0.011537     0.28859      -2.558     11.3378
   -0.014844     0.37311     -3.2655     13.3972
           0           0           0      0.1398
-------------------------------------------------------
.CO2-N2.
  -0.0077068     0.17511     -1.5137      8.1593
    -0.01186     0.27702     -2.3225     10.3644
           0           0           0      0.1398
-------------------------------------------------------
.CO2-O2.
  -0.0067698     0.16374     -1.4935       8.205
   -0.010998     0.26779     -2.3236     10.4795
           0           0           0      0.1398
-------------------------------------------------------
.CO2-CO.
  -0.0078303     0.17801     -1.5361       8.216
   -0.011859     0.27702     -2.3226     10.3647
           0           0           0      0.1398
-------------------------------------------------------
.CO2-NO.
  -0.0072425     0.17069     -1.5268      8.2808
   -0.012186     0.29229     -2.4941     10.9021
           0           0           0      0.1398
-------------------------------------------------------
.CO2-C.
 -0.00048495 -0.00049613    -0.12172       4.421
  -0.0013299    0.020985    -0.28685      4.9602
           0           0           0      0.1398
-------------------------------------------------------
.CO2-N.
  -0.0075418      0.1839     -1.6674      8.5548
  -0.0085044     0.20664     -1.8269      8.9958
           0           0           0      0.1398
-------------------------------------------------------
.CO2-O.
  0.00016566   -0.013356    -0.02061      3.9632
 -0.00086174    0.012017    -0.21452      4.5663
           0           0           0      0.1398
-------------------------------------------------------
.N2-CO.
  -0.0077068     0.17511     -1.5137      8.1593
  -0.0079875      0.1645     -1.3136      7.3783
           0           0           0      0.1398
-------------------------------------------------------
.N2-C.
  -0.0087601     0.18661     -1.5466      8.0283
  -0.0069611     0.15366     -1.3458      7.7216
           0           0           0      0.1398
-------------------------------------------------------
.O2-CO.
  -0.0031376    0.060164    -0.58238      5.5388
  -0.0079326     0.17332     -1.4406      7.7641
           0           0           0      0.1398
-------------------------------------------------------
.O2-C.
 -0.00073206   0.0040596     -0.1629      4.2945
  -0.0009301   0.0097034     -0.1993      4.4952
           0           0           0      0.1398
-------------------------------------------------------
.CO-CO.
  -0.0052673    0.099259    -0.81259      6.0193
  -0.0080771     0.16644     -1.3274      7.4106
           0           0           0      0.1398
-------------------------------------------------------
.CO-NO.
  -0.0034671    0.063994    -0.59287      5.5582
  -0.0087214     0.18781     -1.5303      7.9747
           0           0           0      0.1398
-------------------------------------------------------
.CO-C.
  -0.0018576    0.029448    -0.36748      4.9335
  -0.0022179    0.038495     -0.4262      5.1878
           0           0           0      0.1398
-------------------------------------------------------
.CO-N.
    -0.01349     0.28602     -2.2551      9.5596
   -0.015239     0.33105     -2.5921     10.4547
           0           0           0      0.1398
-------------------------------------------------------
.CO-O.
  -0.0012681    0.015158    -0.25152      4.4278
  -0.0019053    0.031921     -0.3791      4.8778
           0           0           0      0.1398
-------------------------------------------------------
.NO-C.
 -0.00094285   0.0053904    -0.16489      4.2622
  -0.0011651    0.012425    -0.21848      4.5357
           0           0           0      0.1398
-------------------------------------------------------
.C-C.
   -0.013826     0.29496     -2.3618     10.0993
  -0.0086878     0.18563      -1.596      8.4201
           0           0           0      0.1398
-------------------------------------------------------
.C-N.
   -0.019988     0.45155     -3.5978     12.8987
   -0.012591     0.28839     -2.4161     10.2112
           0           0           0      0.1398
-------------------------------------------------------
.C-O.
    -0.01572     0.33094     -2.5544     10.1976
   -0.012494     0.26645     -2.1274      9.3579
           0           0           0      0.1398
-------------------------------------------------------
.C-Np.
    0.015534    -0.27687      1.0016       4.957
    0.024739    -0.49561      2.7265     0.54836
           0           0           0      0.1823
-------------------------------------------------------
.C-Op.
    0.021798    -0.42424      2.1049      2.2921
    0.030083     -0.6224       3.681     -1.7653
           0           0           0      0.1823
-------------------------------------------------------
.C-Cp.
  -0.0033734    0.093494    -0.97982      8.2757
   -0.026156     0.59924     -4.9825     18.3534
           0           0           0      0.1823
-------------------------------------------------------
.O2-Cp.
   0.0065168   -0.077445     -0.4276      8.2411
    0.013326    -0.23919     0.84867      5.0075
           0           0           0      0.1823
-------------------------------------------------------
.CO-Np.
    0.020647    -0.39661      1.8813      2.9667
    0.030193    -0.62541      3.7065     -1.7634
           0           0           0      0.1823
-------------------------------------------------------
.CO-Op.
    0.026658    -0.53902      2.9549     0.35982
    0.034655    -0.73399      4.5423     -3.8336
           0           0           0      0.1823
-------------------------------------------------------
.CO-Cp.
    0.015987    -0.28995      1.1151      4.7191
    0.024452    -0.48964      2.6806      0.7518
           0           0           0      0.1823
-------------------------------------------------------
.N-Cp.
  -0.0012002     0.10745     -1.8132       11.35
   0.0052338   -0.040479    -0.68666      8.6094
           0           0           0      0.1823
-------------------------------------------------------
.O-Cp.
   -0.013404     0.38067     -3.7966     15.8709
  -0.0048891     0.19106     -2.4021     12.5785
           0           0           0      0.1823
-------------------------------------------------------
.em-CO2.
   0.0088816     0.11103     -3.9552     21.9795
   -0.016245     0.72387     -8.9649     35.4994
    0.086536      -2.191      18.048    -48.3033
-------------------------------------------------------
.em-CO.
   -0.061394      1.3077     -8.7565     20.6838
   -0.007867   -0.061417      2.8553    -11.9951
   -0.017661       0.282    -0.61544      -4.158
-------------------------------------------------------
.em-C.
    0.067315     -1.7522     14.6787    -36.6336
     0.10267     -2.5849     21.2354     -53.843
     0.14443     -3.6896     31.1756    -86.8777
-------------------------------------------------------
.em-CN.
   -0.061394      1.3077     -8.7565     20.6838
   -0.007867   -0.061417      2.8553    -11.9951
   -0.017661       0.282    -0.61544      -4.158
-------------------------------------------------------
.CO2-CN.
   -0.000797   0.0091353    -0.19666      4.7231
 -0.00081802    0.010228    -0.19883      4.8355
           0           0           0      0.1398
-------------------------------------------------------
.N2-CN.
  -0.0018059    0.024709     -0.3215      5.0095
  -0.0017983    0.025974    -0.32625      5.1512
           0           0           0      0.1398
-------------------------------------------------------
.O2-CN.
  -0.0017404    0.030407    -0.37204      4.9929
  -0.0014833    0.025175     -0.3253      4.9855
           0           0           0      0.1398
-------------------------------------------------------
.CO-CN.
  -0.0020392    0.035791    -0.41094      5.1165
  -0.0018873     0.03341    -0.38887      5.1829
           0           0           0      0.1398
-------------------------------------------------------
.NO-CN.
 -0.00094567   0.0078385    -0.18718      4.5643
 -0.00085886   0.0067507    -0.17224      4.6445
           0           0           0      0.1398
-------------------------------------------------------
.CN-CN.
  -0.0010433   0.0076846    -0.18202      4.5959
  -0.0011986    0.012928    -0.22001      4.8252
           0           0           0      0.1398
-------------------------------------------------------
.CN-C.
  -0.0017574    0.022985    -0.30539      4.6861
  -0.0015951    0.020363    -0.27795      4.7413
           0           0           0      0.1398
-------------------------------------------------------
.CN-N.
   -0.002458    0.034517    -0.38762      4.9716
  -0.0020957    0.028187    -0.33691      4.9878
           0           0           0      0.1398
-------------------------------------------------------
.CN-O.
   -0.002191    0.037872    -0.43227      4.9477
  -0.0021265    0.037504    -0.42388      5.0481
           0           0           0      0.1398
-------------------------------------------------------
.CO-COp.
  -0.0024595    0.097517     -1.2366      9.1939
     -1.1552    0.000373    -0.50355      7.6373
           0           0           0      0.1823
-------------------------------------------------------
.CN-CNp.
  -0.0023212    0.094667     -1.2198       9.174
  2.5229e-05 -0.00060803    -0.49528      7.6279
           0           0           0      0.1823
-------------------------------------------------------
.Ar-N2p.
  -0.0012366     0.10543     -1.7382     11.2381
   0.0048307   -0.033694    -0.68598      8.7014
           0           0           0      0.1823
-------------------------------------------------------
.Ar-O2p.
    0.024845    -0.49551      2.6281      1.0328
    0.034167    -0.71905      4.4121     -3.5908
           0           0           0      0.1823
-------------------------------------------------------
.Ar-NOp.
   0.0085914    -0.11711    -0.16609      7.6758
    0.017347    -0.32234      1.4289      3.6688
           0           0           0      0.1823
-------------------------------------------------------
.Ar-Np.
    0.015385     -0.2729     0.96932      4.9994
    0.024041    -0.47706       2.568      0.9491
           0           0           0      0.1823
-------------------------------------------------------
.Ar-Op.
     0.02085    -0.40084      1.9166      2.7473
    0.030593    -0.63238      3.7444     -1.9346
           0           0           0      0.1823
-------------------------------------------------------
.Ar-Arp.
  -0.0012549    0.035127    -0.43046       6.582
    0.016111    -0.29344      1.2157       4.173
           0           0           0      0.1823
-------------------------------------------------------
.N2-Arp.
   0.0099318    -0.14802     0.05515      7.2129
    0.019051    -0.36222      1.7245      3.0026
           0           0           0      0.1823
-------------------------------------------------------
.O2-Arp.
   0.0080433    -0.10403    -0.27279      7.9528
    0.016504     -0.3037      1.2944      3.9661
           0           0           0      0.1823
-------------------------------------------------------
.NO-Arp.
   0.0091385    -0.13014   -0.068349      7.4624
    0.018992    -0.36134      1.7292       2.936
           0           0           0      0.1823
-------------------------------------------------------
.N-Arp.
  -0.0033578     0.15633     -2.1616     12.1519
   0.0023642    0.025569      -1.172      9.7703
           0           0           0      0.1823
-------------------------------------------------------
.O-Arp.
   -0.010176     0.30757     -3.2379     14.4537
  -0.0074498     0.24868     -2.8135     13.5341
           0           0           0      0.1823
-------------------------------------------------------
.NOp-N2.
    0.019622    -0.34992      1.3829      4.5267
    0.023901    -0.45521      2.2647      2.1225
           0           0           0      0.1823
-------------------------------------------------------
.NOp-O2.
    0.011707    -0.16846    0.028049      7.7676
    0.018964    -0.34327      1.4431      4.0252
           0           0           0      0.1823
-------------------------------------------------------
.NOp-NO.
  -0.0088557     0.23163     -2.1415     11.3619
    0.021697    -0.40717      1.9346       2.821
           0           0           0      0.1823
-------------------------------------------------------
.NOp-N.
  -0.0028675     0.15824     -2.3027     12.8839
   0.0069011   -0.069033    -0.54317      8.4469
           0           0           0      0.1823
-------------------------------------------------------
.NOp-O.
   -0.010506     0.33059     -3.5646     15.7359
  -0.0060923     0.22756     -2.7481     13.6412
           0           0           0      0.1823
-------------------------------------------------------
.N2p-N2.
   0.0027796   -0.037951   -0.087787      6.2603
    0.010383    -0.15147    0.099859      7.0976
           0           0           0      0.1823
-------------------------------------------------------
.N2p-O2.
   0.0088458    -0.11398    -0.21692      7.9054
    0.042792    -0.80423      4.3361     -1.8606
           0           0           0      0.1823
-------------------------------------------------------
.N2p-NO.
 -0.00033266     0.09715     -1.7992     11.7823
   0.0081404    -0.10127    -0.25479      7.8733
           0           0           0      0.1823
-------------------------------------------------------
.N2p-N.
   -0.011271     0.33824     -3.4752     15.2709
  -0.0061699     0.22128     -2.5838     13.0934
           0           0           0      0.1823
-------------------------------------------------------
.N2p-O.
   -0.014467     0.40553     -3.9228     16.0718
   -0.013984     0.39301     -3.7995     15.7278
           0           0           0      0.1823
-------------------------------------------------------
.O2p-N2.
    0.027294    -0.53789       2.806      1.0689
    0.039904    -0.84236      5.2572     -5.3934
           0           0           0      0.1823
-------------------------------------------------------
.em-He.
   -0.016877     0.35523      -2.274       5.707
  -0.0053734    0.093044    -0.40871      2.0118
           0           0           0    0.139762
-------------------------------------------------------
.em-H.
   -0.013418     0.25709     -1.6415      7.1965
   -0.014856      0.2895     -1.8876      7.7359
           0           0           0    0.139762
-------------------------------------------------------
.em-H2.
  -0.0089622     0.14549    -0.77312      3.5584
   0.0013004      -0.139      1.7761     -3.9228
           0           0           0    0.139762
-------------------------------------------------------
.H-H.
  -0.0096425     0.15461     -1.0229       5.714
  -0.0090311     0.15724     -1.1418      6.2762
           0           0           0    0.139762
-------------------------------------------------------
.H-H2.
   -0.012459     0.19185     -1.2326      5.8683
    -0.36138      5.2207    -25.4429     43.9653
           0           0           0    0.139762
-------------------------------------------------------
.H2-H2.
  -0.0010216   0.0049307    -0.19199      4.0724
  -0.0015585    0.016679    -0.24286      4.2361
           0           0           0    0.139762
-------------------------------------------------------
.He-H.
   -0.004183    0.050155    -0.39531      4.0874
  -0.0045648    0.059785    -0.44777      4.3333
           0           0           0    0.139762
-------------------------------------------------------
.He-Hm.
  -0.0074825     0.11148    -0.79864      5.5344
  -0.0086012     0.13685    -0.95724      5.9952
           0           0           0    0.139762
-------------------------------------------------------
.H-Hep.
   -0.030305     0.52198     -3.0953      9.2019
    -0.03801     0.71459     -4.5409     12.2955
           0           0           0    0.139762
-------------------------------------------------------
.He-Hep.
  -0.0024988   0.0064819   -0.078157      4.2482
  -0.0032796    0.038315    -0.39115      5.1342
           0           0           0    0.139762
-------------------------------------------------------
.Hp-H.
   -0.011491        0.21     -1.7404      8.9541
   -0.016077     0.32475     -2.6013     10.8217
           0           0           0    0.139762
-------------------------------------------------------
.Hp-H2.
   -0.027342     0.50165      -3.207     10.7695
   -0.032351     0.63762     -4.2974     13.1765
           0           0           0    0.139762
-------------------------------------------------------
.Hp-He.
   -0.036089     0.67648     -4.4513     12.8374
   -0.049273     0.98724     -6.6329     17.0797
           0           0           0    0.139762
-------------------------------------------------------
.He-He.
  -0.0034229     0.05176    -0.46608      4.1469
  -0.0031211    0.046183    -0.41094      4.1061
           0           0           0    0.139762
-------------------------------------------------------
.He-H2.
  -0.0049427       0.118     -1.0874      6.3348
  -0.0052141     0.12242     -1.0978      6.3956
           0           0           0    0.139762
-------------------------------------------------------
.Ar-N2p.
   0.0010671    0.056119     -1.3913     10.4356
   0.0082153    -0.10618    -0.17573      7.5203
           0           0           0      0.1823
-------------------------------------------------------
.Ar-O2p.
    0.028688    -0.57651      3.1895      -0.248
    0.038568    -0.81202      5.0579     -5.0675
           0           0           0      0.1823
-------------------------------------------------------
.Ar-NOp.
     0.01189    -0.18723     0.32378      6.5499
    0.021908    -0.41942      2.1082      2.1052
           0           0           0      0.1823
-------------------------------------------------------
.Ar-Np.
    0.019219    -0.35413      1.5351      3.7027
    0.028744    -0.57686      3.2643    -0.64929
           0           0           0      0.1823
-------------------------------------------------------
.Ar-Op.
     0.02483     -0.4849      2.5003       1.413
    0.035365    -0.73336      4.4471     -3.5439
           0           0           0      0.1823
-------------------------------------------------------
.Ar-Arp.
   -0.001265     0.03535    -0.43206      6.5858
    0.020507    -0.38707      1.8714      2.6628
           0           0           0      0.1823
-------------------------------------------------------
.N2-Arp.
    0.013338    -0.22033     0.55981      6.0541
    0.023655    -0.46013       2.409      1.4284
           0           0           0      0.1823
-------------------------------------------------------
.O2-Arp.
    0.011519    -0.17787      0.2429       6.768
    0.020932    -0.39794      1.9539      2.4479
           0           0           0      0.1823
-------------------------------------------------------
.NO-Arp.
    0.012512    -0.20181     0.43226      6.3122
    0.023693    -0.46136      2.4289      1.3257
           0           0           0      0.1823
-------------------------------------------------------
.N-Arp.
  -0.0012046     0.11034     -1.8387     11.4063
   0.0055755   -0.043087    -0.68957      8.6554
           0           0           0      0.1823
-------------------------------------------------------
.O-Arp.
  -0.0089598     0.28154     -3.0549     14.0302
  -0.0054679     0.20623     -2.5146     12.8421
           0           0           0      0.1823
-------------------------------------------------------
.NOp-N2.
    0.019622    -0.34992      1.3829      4.5267
    0.023901    -0.45521      2.2647      2.1225
           0           0           0      0.1823
-------------------------------------------------------
.NOp-O2.
    0.011707    -0.16846    0.028049      7.7676
    0.018964    -0.34327      1.4431      4.0252
           0           0           0      0.1823
-------------------------------------------------------
.NOp-NO.
  -0.0088557     0.23163     -2.1415     11.3619
    0.021697    -0.40717      1.9346       2.821
           0           0           0      0.1823
-------------------------------------------------------
.NOp-N.
  -0.0028675     0.15824     -2.3027     12.8839
   0.0069011   -0.069033    -0.54317      8.4469
           0           0           0      0.1823
-------------------------------------------------------
.NOp-O.
   -0.010506     0.33059     -3.5646     15.7359
  -0.0060923     0.22756     -2.7481     13.6412
           0           0           0      0.1823
-------------------------------------------------------
.N2p-N2.
   0.0027796   -0.037951   -0.087787      6.2603
    0.010383    -0.15147    0.099859      7.0976
           0           0           0      0.1823
-------------------------------------------------------
.N2p-O2.
   0.0088458    -0.11398    -0.21692      7.9054
    0.010052    -0.14145   0.0086878      7.3238
           0           0           0      0.1823
-------------------------------------------------------
.N2p-NO.
 -0.00033266     0.09715     -1.7992     11.7823
   0.0081404    -0.10127    -0.25479      7.8733
           0           0           0      0.1823
-------------------------------------------------------
.N2p-N.
   -0.011271     0.33824     -3.4752     15.2709
  -0.0061699     0.22128     -2.5838     13.0934
           0           0           0      0.1823
-------------------------------------------------------
.N2p-O.
   -0.014467     0.40553     -3.9228     16.0718
   -0.013984     0.39301     -3.7995     15.7278
           0           0           0      0.1823
-------------------------------------------------------
.O2p-N2.
    0.027294    -0.53789       2.806      1.0689
    0.039904    -0.84236      5.2572     -5.3934
           0           0           0      0.1823
-------------------------------------------------------
.O2p-O2.
   -0.010688     0.26699      -2.371     11.8459
    0.040981    -0.85805      5.3038     -5.3605
           0           0           0      0.1823
-------------------------------------------------------
.O2p-NO.
    0.029149    -0.58493      3.2164    -0.15503
    0.039786     -0.8408      5.2681      -5.523
           0           0           0      0.1823
-------------------------------------------------------
.O2p-N.
    0.018928    -0.34473      1.4247      3.8678
    0.030727    -0.62032      3.5599     -1.5081
           0           0           0      0.1823
-------------------------------------------------------
.O2p-O.
    0.011679    -0.17732     0.17513      6.7206
    0.020299    -0.37421      1.6683      3.0752
           0           0           0      0.1823
-------------------------------------------------------
.Np-NO.
    0.020503    -0.37733      1.6339       3.742
    0.030011    -0.60398      3.4355    -0.92689
           0           0           0      0.1823
-------------------------------------------------------
.Np-N2.
    0.020892    -0.39104      1.7733      3.2981
     0.02656     -0.5257      2.8441     0.56106
           0           0           0      0.1823
-------------------------------------------------------
.Np-O2.
    0.019912     -0.3613      1.4902      4.1245
    0.028578    -0.56925      3.1572    -0.22951
           0           0           0      0.1823
-------------------------------------------------------
.Np-N.
  -0.0082148     0.20183     -1.7574      9.8923
   -0.014706     0.32536     -2.7107     11.7627
           0           0           0      0.1823
-------------------------------------------------------
.Np-O.
   -0.038682      0.8781       -7.02     22.8666
   -0.036812     0.84886     -6.8638     22.5901
           0           0           0      0.1823
-------------------------------------------------------
.Op-NO.
    0.024801    -0.47782       2.371      2.0123
    0.037068    -0.77214       4.722     -4.1267
           0           0           0      0.1823
-------------------------------------------------------
.Op-N2.
     0.02782    -0.54901      2.9127      0.6885
    0.036683     -0.7643      4.6604     -3.9371
           0           0           0      0.1823
-------------------------------------------------------
.Op-O2.
    0.026485    -0.50643      2.4792      2.0846
    0.033124    -0.67196      3.8748     -1.7805
           0           0           0      0.1823
-------------------------------------------------------
.Op-N.
   -0.037027     0.86554     -7.0557     23.2484
   -0.025557     0.63014     -5.4699     19.7467
           0           0           0      0.1823
-------------------------------------------------------
.Op-O.
  -0.0079692     0.19691     -1.7139      9.5036
   -0.032135     0.74505      -6.069     20.5038
           0           0           0      0.1823
-------------------------------------------------------
 .N2-NO2.
  -0.1832769E-01   0.4069933E+00  -0.3177351E+01   0.1202476E+02
  -0.2269364E-01   0.4969971E+00  -0.3780442E+01   0.1343575E+02
   0.0000000E+00   0.0000000E+00   0.0000000E+00   0.0000000E+00
 ----------------------------------------------------------------------------
 .N2-O3.
  -0.1762451E-01   0.3903432E+00  -0.3045366E+01   0.1182683E+02
  -0.2179365E-01   0.4758692E+00  -0.3614842E+01   0.1315517E+02
   0.0000000E+00   0.0000000E+00   0.0000000E+00   0.0000000E+00
   ----------------------------------------------------------------------------
 .N2-Fe.
   0.5211676E-02  -0.3806031E-01  -0.8845069E+00   0.9854654E+01
   0.1254052E-01  -0.1951068E+00   0.2266361E+00   0.7354428E+01
   0.0000000E+00   0.0000000E+00   0.0000000E+00   0.0000000E+00
 ----------------------------------------------------------------------------
 .N2p-Fe.
   0.5211676E-02  -0.3806031E-01  -0.8845069E+00   0.9854654E+01
   0.1254052E-01  -0.1951068E+00   0.2266361E+00   0.7354428E+01
   0.0000000E+00   0.0000000E+00   0.0000000E+00   0.0000000E+00
 ----------------------------------------------------------------------------
 .N2-Fep.
   0.5211676E-02  -0.3806031E-01  -0.8845069E+00   0.9854654E+01
   0.1254052E-01  -0.1951068E+00   0.2266361E+00   0.7354428E+01
   0.0000000E+00   0.0000000E+00   0.0000000E+00   0.0000000E+00
  ----------------------------------------------------------------------------
 .N2-FeO.
  -0.1721753E-01   0.3778427E+00  -0.2926507E+01   0.1153694E+02
  -0.2103258E-01   0.4554399E+00  -0.3437338E+01   0.1272311E+02
   0.0000000E+00   0.0000000E+00   0.0000000E+00   0.0000000E+00
 ----------------------------------------------------------------------------
 .N2p-FeO.
  -0.1721753E-01   0.3778427E+00  -0.2926507E+01   0.1153694E+02
  -0.2103258E-01   0.4554399E+00  -0.3437338E+01   0.1272311E+02
   0.0000000E+00   0.0000000E+00   0.0000000E+00   0.0000000E+00
 ----------------------------------------------------------------------------
 .N2-Mg2.
   0.1282844E-02   0.6586291E-01  -0.1396849E+01   0.9718755E+01
   0.8887798E-02  -0.7549233E-01  -0.5354421E+00   0.8095512E+01
   0.0000000E+00   0.0000000E+00   0.0000000E+00   0.0000000E+00
   ----------------------------------------------------------------------------
 .N2-Mg.
   0.1282844E-02   0.6586291E-01  -0.1396849E+01   0.9608343E+01
   0.8887798E-02  -0.7549233E-01  -0.5354421E+00   0.7985101E+01
   0.0000000E+00   0.0000000E+00   0.0000000E+00   0.0000000E+00
 ----------------------------------------------------------------------------
 .N2p-Mg.
   0.1282844E-02   0.6586291E-01  -0.1396849E+01   0.9608343E+01
   0.8887798E-02  -0.7549233E-01  -0.5354421E+00   0.7985101E+01
   0.0000000E+00   0.0000000E+00   0.0000000E+00   0.0000000E+00
 ----------------------------------------------------------------------------
 .N2-MgO.
  -0.1721753E-01   0.3778427E+00  -0.2926507E+01   0.1154133E+02
  -0.2103258E-01   0.4554399E+00  -0.3437338E+01   0.1272750E+02
   0.0000000E+00   0.0000000E+00   0.0000000E+00   0.0000000E+00
    ----------------------------------------------------------------------------
 .N2p-MgO.
  -0.1721753E-01   0.3778427E+00  -0.2926507E+01   0.1154133E+02
  -0.2103258E-01   0.4554399E+00  -0.3437338E+01   0.1272750E+02
   0.0000000E+00   0.0000000E+00   0.0000000E+00   0.0000000E+00
    ----------------------------------------------------------------------------
 .N2-MgN.
  -0.1721753E-01   0.3778427E+00  -0.2926507E+01   0.1156094E+02
  -0.2103258E-01   0.4554399E+00  -0.3437338E+01   0.1274711E+02
   0.0000000E+00   0.0000000E+00   0.0000000E+00   0.0000000E+00
    ----------------------------------------------------------------------------
 .N2-Si2.
   0.1282844E-02   0.6586291E-01  -0.1396849E+01   0.9608343E+01
   0.8887798E-02  -0.7549233E-01  -0.5354421E+00   0.7985101E+01
   0.0000000E+00   0.0000000E+00   0.0000000E+00   0.0000000E+00
 ----------------------------------------------------------------------------
 .N2-Si.
    0.1282844E-02   0.6586291E-01  -0.1396849E+01   0.9608343E+01
   0.8887798E-02  -0.7549233E-01  -0.5354421E+00   0.7985101E+01
   0.0000000E+00   0.0000000E+00   0.0000000E+00   0.0000000E+00
   ----------------------------------------------------------------------------
 .N2p-Si.
   0.1282844E-02   0.6586291E-01  -0.1396849E+01   0.9608343E+01
   0.8887798E-02  -0.7549233E-01  -0.5354421E+00   0.7985101E+01
   0.0000000E+00   0.0000000E+00   0.0000000E+00   0.0000000E+00
   ----------------------------------------------------------------------------
 .N2-SiN.
   0.1282844E-02   0.6586291E-01  -0.1396849E+01   0.9608343E+01
   0.8887798E-02  -0.7549233E-01  -0.5354421E+00   0.7985101E+01
   0.0000000E+00   0.0000000E+00   0.0000000E+00   0.0000000E+00
 ----------------------------------------------------------------------------
 .N2-SiO.
   0.1282844E-02   0.6586291E-01  -0.1396849E+01   0.9608343E+01
   0.8887798E-02  -0.7549233E-01  -0.5354421E+00   0.7985101E+01
   0.0000000E+00   0.0000000E+00   0.0000000E+00   0.0000000E+00
    ----------------------------------------------------------------------------
 .N2p-SiO.
   0.1282844E-02   0.6586291E-01  -0.1396849E+01   0.9608343E+01
   0.8887798E-02  -0.7549233E-01  -0.5354421E+00   0.7985101E+01
   0.0000000E+00   0.0000000E+00   0.0000000E+00   0.0000000E+00
    ----------------------------------------------------------------------------
 .N2-SiO2.
   0.1282844E-02   0.6586291E-01  -0.1396849E+01   0.9608343E+01
   0.8887798E-02  -0.7549233E-01  -0.5354421E+00   0.7985101E+01
   0.0000000E+00   0.0000000E+00   0.0000000E+00   0.0000000E+00
 ----------------------------------------------------------------------------
 .N2p-SiO2.
   0.1282844E-02   0.6586291E-01  -0.1396849E+01   0.9608343E+01
   0.8887798E-02  -0.7549233E-01  -0.5354421E+00   0.7985101E+01
   0.0000000E+00   0.0000000E+00   0.0000000E+00   0.0000000E+00
 ----------------------------------------------------------------------------
 .N-NO2.
  -0.1731901E-01   0.3806829E+00  -0.2952122E+01   0.1126043E+02
  -0.2121581E-01   0.4600846E+00  -0.3476123E+01   0.1247814E+02
   0.0000000E+00   0.0000000E+00   0.0000000E+00   0.0000000E+00
   ----------------------------------------------------------------------------
 .N-O3.
  -0.1667972E-01   0.3657484E+00  -0.2835203E+01   0.1111471E+02
  -0.2032114E-01   0.4396035E+00  -0.3319313E+01   0.1223810E+02
   0.0000000E+00   0.0000000E+00   0.0000000E+00   0.0000000E+00
  ----------------------------------------------------------------------------
 .N-Fe.
   0.5955629E-03   0.6205935E-01  -0.1583920E+01   0.1124651E+02
   0.6133428E-02  -0.5440114E-01  -0.7757922E+00   0.9491402E+01
   0.0000000E+00   0.0000000E+00   0.0000000E+00   0.0000000E+00
   ----------------------------------------------------------------------------
 .Np-Fe.
   0.5955629E-03   0.6205935E-01  -0.1583920E+01   0.1124651E+02
   0.6133428E-02  -0.5440114E-01  -0.7757922E+00   0.9491402E+01
   0.0000000E+00   0.0000000E+00   0.0000000E+00   0.0000000E+00
   ----------------------------------------------------------------------------
 .N-Fep.
   0.5955629E-03   0.6205935E-01  -0.1583920E+01   0.1124651E+02
   0.6133428E-02  -0.5440114E-01  -0.7757922E+00   0.9491402E+01
   0.0000000E+00   0.0000000E+00   0.0000000E+00   0.0000000E+00
    ----------------------------------------------------------------------------
 .N-FeO.
  -0.1529707E-01   0.3341100E+00  -0.2593014E+01   0.1056920E+02
  -0.1851036E-01   0.3987009E+00  -0.3010783E+01   0.1153653E+02
   0.0000000E+00   0.0000000E+00   0.0000000E+00   0.0000000E+00
 ----------------------------------------------------------------------------
 .Np-FeO.
  -0.1529707E-01   0.3341100E+00  -0.2593014E+01   0.1056920E+02
  -0.1851036E-01   0.3987009E+00  -0.3010783E+01   0.1153653E+02
   0.0000000E+00   0.0000000E+00   0.0000000E+00   0.0000000E+00
 ----------------------------------------------------------------------------
 .N-Mg2.
  -0.4912073E-02   0.1863247E+00  -0.2151258E+01   0.1107585E+02
  -0.7304466E-03   0.1141089E+00  -0.1750639E+01   0.1046531E+02
   0.0000000E+00   0.0000000E+00   0.0000000E+00   0.0000000E+00
 ----------------------------------------------------------------------------
 .N-Mg.
  -0.4912073E-02   0.1863247E+00  -0.2151258E+01   0.1095883E+02
  -0.7304466E-03   0.1141089E+00  -0.1750639E+01   0.1034830E+02
   0.0000000E+00   0.0000000E+00   0.0000000E+00   0.0000000E+00
   ----------------------------------------------------------------------------
 .Np-Mg.
  -0.4912073E-02   0.1863247E+00  -0.2151258E+01   0.1095883E+02
  -0.7304466E-03   0.1141089E+00  -0.1750639E+01   0.1034830E+02
   0.0000000E+00   0.0000000E+00   0.0000000E+00   0.0000000E+00
   ----------------------------------------------------------------------------
 .N-MgO.
  -0.1529707E-01   0.3341100E+00  -0.2593014E+01   0.1057380E+02
  -0.1851036E-01   0.3987009E+00  -0.3010783E+01   0.1154113E+02
   0.0000000E+00   0.0000000E+00   0.0000000E+00   0.0000000E+00
 ----------------------------------------------------------------------------
 .Np-MgO.
  -0.1529707E-01   0.3341100E+00  -0.2593014E+01   0.1057380E+02
  -0.1851036E-01   0.3987009E+00  -0.3010783E+01   0.1154113E+02
   0.0000000E+00   0.0000000E+00   0.0000000E+00   0.0000000E+00
 ----------------------------------------------------------------------------
 .N-MgN.
  -0.1529707E-01   0.3341100E+00  -0.2593014E+01   0.1059438E+02
  -0.1851036E-01   0.3987009E+00  -0.3010783E+01   0.1156171E+02
   0.0000000E+00   0.0000000E+00   0.0000000E+00   0.0000000E+00
    ----------------------------------------------------------------------------
 .N-Si2.
  -0.4912073E-02   0.1863247E+00  -0.2151258E+01   0.1095883E+02
  -0.7304466E-03   0.1141089E+00  -0.1750639E+01   0.1034830E+02
   0.0000000E+00   0.0000000E+00   0.0000000E+00   0.0000000E+00
 ----------------------------------------------------------------------------
 .N-Si.
    -0.4912073E-02   0.1863247E+00  -0.2151258E+01   0.1095883E+02
  -0.7304466E-03   0.1141089E+00  -0.1750639E+01   0.1034830E+02
   0.0000000E+00   0.0000000E+00   0.0000000E+00   0.0000000E+00
   ----------------------------------------------------------------------------
 .Np-Si.
  -0.4912073E-02   0.1863247E+00  -0.2151258E+01   0.1095883E+02
  -0.7304466E-03   0.1141089E+00  -0.1750639E+01   0.1034830E+02
   0.0000000E+00   0.0000000E+00   0.0000000E+00   0.0000000E+00
   ----------------------------------------------------------------------------
 .N-SiN.
  -0.4912073E-02   0.1863247E+00  -0.2151258E+01   0.1095883E+02
  -0.7304466E-03   0.1141089E+00  -0.1750639E+01   0.1034830E+02
   0.0000000E+00   0.0000000E+00   0.0000000E+00   0.0000000E+00
 ----------------------------------------------------------------------------
 .N-SiO.
  -0.4912073E-02   0.1863247E+00  -0.2151258E+01   0.1095883E+02
  -0.7304466E-03   0.1141089E+00  -0.1750639E+01   0.1034830E+02
   0.0000000E+00   0.0000000E+00   0.0000000E+00   0.0000000E+00
 ----------------------------------------------------------------------------
 .Np-SiO.
  -0.4912073E-02   0.1863247E+00  -0.2151258E+01   0.1095883E+02
  -0.7304466E-03   0.1141089E+00  -0.1750639E+01   0.1034830E+02
   0.0000000E+00   0.0000000E+00   0.0000000E+00   0.0000000E+00
 ----------------------------------------------------------------------------
 .N-SiO2.
  -0.4912073E-02   0.1863247E+00  -0.2151258E+01   0.1095883E+02
  -0.7304466E-03   0.1141089E+00  -0.1750639E+01   0.1034830E+02
   0.0000000E+00   0.0000000E+00   0.0000000E+00   0.0000000E+00
    ----------------------------------------------------------------------------
 .Np-SiO2.
  -0.4912073E-02   0.1863247E+00  -0.2151258E+01   0.1095883E+02
  -0.7304466E-03   0.1141089E+00  -0.1750639E+01   0.1034830E+02
   0.0000000E+00   0.0000000E+00   0.0000000E+00   0.0000000E+00
    ----------------------------------------------------------------------------
 .NO-NO2.
  -0.1830892E-01   0.4064976E+00  -0.3173041E+01   0.1198900E+02
  -0.2266780E-01   0.4963318E+00  -0.3774806E+01   0.1339662E+02
   0.0000000E+00   0.0000000E+00   0.0000000E+00   0.0000000E+00
   ----------------------------------------------------------------------------
 .NO-O3.
  -0.1755707E-01   0.3888467E+00  -0.3034238E+01   0.1177748E+02
  -0.2171299E-01   0.4740809E+00  -0.3601583E+01   0.1310070E+02
   0.0000000E+00   0.0000000E+00   0.0000000E+00   0.0000000E+00
   ----------------------------------------------------------------------------
 .NO-Fe.
   0.5112668E-02  -0.3589137E-01  -0.8998372E+00   0.9861048E+01
   0.1240657E-01  -0.1921410E+00   0.2053196E+00   0.7375627E+01
   0.0000000E+00   0.0000000E+00   0.0000000E+00   0.0000000E+00
  ----------------------------------------------------------------------------
 .NOp-Fe.
   0.5112668E-02  -0.3589137E-01  -0.8998372E+00   0.9861048E+01
   0.1240657E-01  -0.1921410E+00   0.2053196E+00   0.7375627E+01
   0.0000000E+00   0.0000000E+00   0.0000000E+00   0.0000000E+00
  ----------------------------------------------------------------------------
 .NO-Fep.
   0.5112668E-02  -0.3589137E-01  -0.8998372E+00   0.9861048E+01
   0.1240657E-01  -0.1921410E+00   0.2053196E+00   0.7375627E+01
   0.0000000E+00   0.0000000E+00   0.0000000E+00   0.0000000E+00
  ----------------------------------------------------------------------------
 .NO-FeO.
  -0.1720307E-01   0.3774442E+00  -0.2922944E+01   0.1150580E+02
  -0.2100687E-01   0.4547928E+00  -0.3431960E+01   0.1268762E+02
   0.0000000E+00   0.0000000E+00   0.0000000E+00   0.0000000E+00
 ----------------------------------------------------------------------------
 .NOp-FeO.
  -0.1720307E-01   0.3774442E+00  -0.2922944E+01   0.1150580E+02
  -0.2100687E-01   0.4547928E+00  -0.3431960E+01   0.1268762E+02
   0.0000000E+00   0.0000000E+00   0.0000000E+00   0.0000000E+00
 ----------------------------------------------------------------------------
 .NO-Mg2.
   0.1110704E-02   0.6927127E-01  -0.1418755E+01   0.9739758E+01
   0.8649102E-02  -0.7072932E-01  -0.5664433E+00   0.8136641E+01
   0.0000000E+00   0.0000000E+00   0.0000000E+00   0.0000000E+00
  ----------------------------------------------------------------------------
 .NO-Mg.
   0.1110704E-02   0.6927127E-01  -0.1418755E+01   0.9627997E+01
   0.8649102E-02  -0.7072932E-01  -0.5664433E+00   0.8024880E+01
   0.0000000E+00   0.0000000E+00   0.0000000E+00   0.0000000E+00
----------------------------------------------------------------------------
 .NOp-Mg.
   0.1110704E-02   0.6927127E-01  -0.1418755E+01   0.9627997E+01
   0.8649102E-02  -0.7072932E-01  -0.5664433E+00   0.8024880E+01
   0.0000000E+00   0.0000000E+00   0.0000000E+00   0.0000000E+00
----------------------------------------------------------------------------
 .NO-MgO.
  -0.1720307E-01   0.3774442E+00  -0.2922944E+01   0.1151023E+02
  -0.2100687E-01   0.4547928E+00  -0.3431960E+01   0.1269205E+02
   0.0000000E+00   0.0000000E+00   0.0000000E+00   0.0000000E+00
 ----------------------------------------------------------------------------
 .NOp-MgO.
  -0.1720307E-01   0.3774442E+00  -0.2922944E+01   0.1151023E+02
  -0.2100687E-01   0.4547928E+00  -0.3431960E+01   0.1269205E+02
   0.0000000E+00   0.0000000E+00   0.0000000E+00   0.0000000E+00
 ----------------------------------------------------------------------------
 .NO-MgN.
  -0.1720307E-01   0.3774442E+00  -0.2922944E+01   0.1153004E+02
  -0.2100687E-01   0.4547928E+00  -0.3431960E+01   0.1271187E+02
   0.0000000E+00   0.0000000E+00   0.0000000E+00   0.0000000E+00
  ----------------------------------------------------------------------------
 .NO-Si2.
   0.1110704E-02   0.6927127E-01  -0.1418755E+01   0.9627997E+01
   0.8649102E-02  -0.7072932E-01  -0.5664433E+00   0.8024880E+01
   0.0000000E+00   0.0000000E+00   0.0000000E+00   0.0000000E+00
  ----------------------------------------------------------------------------
 .NO-Si.
   0.1110704E-02   0.6927127E-01  -0.1418755E+01   0.9627997E+01
   0.8649102E-02  -0.7072932E-01  -0.5664433E+00   0.8024880E+01
   0.0000000E+00   0.0000000E+00   0.0000000E+00   0.0000000E+00
  ----------------------------------------------------------------------------
 .NOp-Si.
   0.1110704E-02   0.6927127E-01  -0.1418755E+01   0.9627997E+01
   0.8649102E-02  -0.7072932E-01  -0.5664433E+00   0.8024880E+01
   0.0000000E+00   0.0000000E+00   0.0000000E+00   0.0000000E+00
  ----------------------------------------------------------------------------
 .NO-SiN.
   0.1110704E-02   0.6927127E-01  -0.1418755E+01   0.9627997E+01
   0.8649102E-02  -0.7072932E-01  -0.5664433E+00   0.8024880E+01
   0.0000000E+00   0.0000000E+00   0.0000000E+00   0.0000000E+00
----------------------------------------------------------------------------
 .NO-SiO.
   0.1110704E-02   0.6927127E-01  -0.1418755E+01   0.9627997E+01
   0.8649102E-02  -0.7072932E-01  -0.5664433E+00   0.8024880E+01
   0.0000000E+00   0.0000000E+00   0.0000000E+00   0.0000000E+00
----------------------------------------------------------------------------
 .NOp-SiO.
   0.1110704E-02   0.6927127E-01  -0.1418755E+01   0.9627997E+01
   0.8649102E-02  -0.7072932E-01  -0.5664433E+00   0.8024880E+01
   0.0000000E+00   0.0000000E+00   0.0000000E+00   0.0000000E+00
 ----------------------------------------------------------------------------
 .NO-SiO2.
   0.1110704E-02   0.6927127E-01  -0.1418755E+01   0.9627997E+01
   0.8649102E-02  -0.7072932E-01  -0.5664433E+00   0.8024880E+01
   0.0000000E+00   0.0000000E+00   0.0000000E+00   0.0000000E+00
   ---------------------------------------------------------------------------
 .NOp-SiO2.
   0.1110704E-02   0.6927127E-01  -0.1418755E+01   0.9627997E+01
   0.8649102E-02  -0.7072932E-01  -0.5664433E+00   0.8024880E+01
   0.0000000E+00   0.0000000E+00   0.0000000E+00   0.0000000E+00
   ---------------------------------------------------------------------------
 .O2-NO2.
  -0.1931175E-01   0.4321650E+00  -0.3390291E+01   0.1256809E+02
  -0.2395660E-01   0.5289309E+00  -0.4046921E+01   0.1411659E+02
   0.0000000E+00   0.0000000E+00   0.0000000E+00   0.0000000E+00
 ----------------------------------------------------------------------------
 .O2-O3.
  -0.1824027E-01   0.4078000E+00  -0.3204290E+01   0.1224901E+02
  -0.2271776E-01   0.5006122E+00  -0.3830224E+01   0.1371974E+02
   0.0000000E+00   0.0000000E+00   0.0000000E+00   0.0000000E+00
  ----------------------------------------------------------------------------
 .O2-Fe.
   0.9870459E-02  -0.1405632E+00  -0.1546085E+00   0.8130966E+01
   0.1844933E-01  -0.3264675E+00   0.1175912E+01   0.5081651E+01
   0.0000000E+00   0.0000000E+00   0.0000000E+00   0.0000000E+00
  ----------------------------------------------------------------------------
 .O2p-Fe.
   0.9870459E-02  -0.1405632E+00  -0.1546085E+00   0.8130966E+01
   0.1844933E-01  -0.3264675E+00   0.1175912E+01   0.5081651E+01
   0.0000000E+00   0.0000000E+00   0.0000000E+00   0.0000000E+00
  ----------------------------------------------------------------------------
 .O2-Fep.
   0.9870459E-02  -0.1405632E+00  -0.1546085E+00   0.8130966E+01
   0.1844933E-01  -0.3264675E+00   0.1175912E+01   0.5081651E+01
   0.0000000E+00   0.0000000E+00   0.0000000E+00   0.0000000E+00
 ----------------------------------------------------------------------------
 .O2-FeO.
  -0.1788327E-01   0.3963613E+00  -0.3092178E+01   0.1197374E+02
  -0.2212046E-01   0.4834064E+00  -0.3672873E+01   0.1332929E+02
   0.0000000E+00   0.0000000E+00   0.0000000E+00   0.0000000E+00
  ----------------------------------------------------------------------------
 .O2p-FeO.
  -0.1788327E-01   0.3963613E+00  -0.3092178E+01   0.1197374E+02
  -0.2212046E-01   0.4834064E+00  -0.3672873E+01   0.1332929E+02
   0.0000000E+00   0.0000000E+00   0.0000000E+00   0.0000000E+00
  ----------------------------------------------------------------------------
 .O2-Mg2.
   0.7417848E-02  -0.5526779E-01  -0.6226068E+00   0.8088439E+01
   0.1820599E-01  -0.2616904E+00   0.6780472E+00   0.5486588E+01
   0.0000000E+00   0.0000000E+00   0.0000000E+00   0.0000000E+00
  ----------------------------------------------------------------------------
 .O2-Mg.
   0.7417848E-02  -0.5526779E-01  -0.6226068E+00   0.7973843E+01
   0.1820599E-01  -0.2616904E+00   0.6780472E+00   0.5371992E+01
   0.0000000E+00   0.0000000E+00   0.0000000E+00   0.0000000E+00
  ----------------------------------------------------------------------------
 .O2p-Mg.
   0.7417848E-02  -0.5526779E-01  -0.6226068E+00   0.7973843E+01
   0.1820599E-01  -0.2616904E+00   0.6780472E+00   0.5371992E+01
   0.0000000E+00   0.0000000E+00   0.0000000E+00   0.0000000E+00
  ----------------------------------------------------------------------------
 .O2-MgO.
  -0.1788327E-01   0.3963613E+00  -0.3092178E+01   0.1197826E+02
  -0.2212046E-01   0.4834064E+00  -0.3672873E+01   0.1333381E+02
   0.0000000E+00   0.0000000E+00   0.0000000E+00   0.0000000E+00
  ----------------------------------------------------------------------------
 .O2p-MgO.
  -0.1788327E-01   0.3963613E+00  -0.3092178E+01   0.1197826E+02
  -0.2212046E-01   0.4834064E+00  -0.3672873E+01   0.1333381E+02
   0.0000000E+00   0.0000000E+00   0.0000000E+00   0.0000000E+00
  ----------------------------------------------------------------------------
 .O2-MgN.
  -0.1788327E-01   0.3963613E+00  -0.3092178E+01   0.1199849E+02
  -0.2212046E-01   0.4834064E+00  -0.3672873E+01   0.1335404E+02
   0.0000000E+00   0.0000000E+00   0.0000000E+00   0.0000000E+00
 ----------------------------------------------------------------------------
 .O2-Si2.
   0.7417848E-02  -0.5526779E-01  -0.6226068E+00   0.7973843E+01
   0.1820599E-01  -0.2616904E+00   0.6780472E+00   0.5371992E+01
   0.0000000E+00   0.0000000E+00   0.0000000E+00   0.0000000E+00
 ----------------------------------------------------------------------------
 .O2-Si.
   0.7417848E-02  -0.5526779E-01  -0.6226068E+00   0.7973843E+01
   0.1820599E-01  -0.2616904E+00   0.6780472E+00   0.5371992E+01
   0.0000000E+00   0.0000000E+00   0.0000000E+00   0.0000000E+00
 ---------------------------------------------------------------------------
 .O2p-Si.
   0.7417848E-02  -0.5526779E-01  -0.6226068E+00   0.7973843E+01
   0.1820599E-01  -0.2616904E+00   0.6780472E+00   0.5371992E+01
   0.0000000E+00   0.0000000E+00   0.0000000E+00   0.0000000E+00
 ---------------------------------------------------------------------------
 .O2-SiN.
   0.7417848E-02  -0.5526779E-01  -0.6226068E+00   0.7973843E+01
   0.1820599E-01  -0.2616904E+00   0.6780472E+00   0.5371992E+01
   0.0000000E+00   0.0000000E+00   0.0000000E+00   0.0000000E+00
 ----------------------------------------------------------------------------
 .O2-SiO.
   0.7417848E-02  -0.5526779E-01  -0.6226068E+00   0.7973843E+01
   0.1820599E-01  -0.2616904E+00   0.6780472E+00   0.5371992E+01
   0.0000000E+00   0.0000000E+00   0.0000000E+00   0.0000000E+00
 ---------------------------------------------------------------------------
 .O2p-SiO.
   0.7417848E-02  -0.5526779E-01  -0.6226068E+00   0.7973843E+01
   0.1820599E-01  -0.2616904E+00   0.6780472E+00   0.5371992E+01
   0.0000000E+00   0.0000000E+00   0.0000000E+00   0.0000000E+00
 ---------------------------------------------------------------------------
 .O2-SiO2.
   0.7417848E-02  -0.5526779E-01  -0.6226068E+00   0.7973843E+01
   0.1820599E-01  -0.2616904E+00   0.6780472E+00   0.5371992E+01
   0.0000000E+00   0.0000000E+00   0.0000000E+00   0.0000000E+00
----------------------------------------------------------------------------
 .O2p-SiO2.
   0.7417848E-02  -0.5526779E-01  -0.6226068E+00   0.7973843E+01
   0.1820599E-01  -0.2616904E+00   0.6780472E+00   0.5371992E+01
   0.0000000E+00   0.0000000E+00   0.0000000E+00   0.0000000E+00
----------------------------------------------------------------------------
 .O-NO2.
  -0.1731901E-01   0.3806829E+00  -0.2952122E+01   0.1118611E+02
  -0.2121581E-01   0.4600846E+00  -0.3476123E+01   0.1240381E+02
   0.0000000E+00   0.0000000E+00   0.0000000E+00   0.0000000E+00
 ----------------------------------------------------------------------------
 .O-O3.
  -0.1667972E-01   0.3657484E+00  -0.2835203E+01   0.1104651E+02
  -0.2032114E-01   0.4396035E+00  -0.3319313E+01   0.1216990E+02
   0.0000000E+00   0.0000000E+00   0.0000000E+00   0.0000000E+00
 ----------------------------------------------------------------------------
 .O-Fe.
   0.5955629E-03   0.6205935E-01  -0.1583920E+01   0.1115623E+02
   0.6133428E-02  -0.5440114E-01  -0.7757922E+00   0.9401123E+01
   0.0000000E+00   0.0000000E+00   0.0000000E+00   0.0000000E+00
 ----------------------------------------------------------------------------
 .O-Fe.
   0.5955629E-03   0.6205935E-01  -0.1583920E+01   0.1115623E+02
   0.6133428E-02  -0.5440114E-01  -0.7757922E+00   0.9401123E+01
   0.0000000E+00   0.0000000E+00   0.0000000E+00   0.0000000E+00
 ----------------------------------------------------------------------------
 .Op-Fe.
   0.5955629E-03   0.6205935E-01  -0.1583920E+01   0.1115623E+02
   0.6133428E-02  -0.5440114E-01  -0.7757922E+00   0.9401123E+01
   0.0000000E+00   0.0000000E+00   0.0000000E+00   0.0000000E+00
 ----------------------------------------------------------------------------
 .O-Fep.
   0.5955629E-03   0.6205935E-01  -0.1583920E+01   0.1115623E+02
   0.6133428E-02  -0.5440114E-01  -0.7757922E+00   0.9401123E+01
   0.0000000E+00   0.0000000E+00   0.0000000E+00   0.0000000E+00
   ----------------------------------------------------------------------------
 .O-FeO.
  -0.1529707E-01   0.3341100E+00  -0.2593014E+01   0.1050402E+02
  -0.1851036E-01   0.3987009E+00  -0.3010783E+01   0.1147135E+02
   0.0000000E+00   0.0000000E+00   0.0000000E+00   0.0000000E+00
  ----------------------------------------------------------------------------
 .Op-FeO.
  -0.1529707E-01   0.3341100E+00  -0.2593014E+01   0.1050402E+02
  -0.1851036E-01   0.3987009E+00  -0.3010783E+01   0.1147135E+02
   0.0000000E+00   0.0000000E+00   0.0000000E+00   0.0000000E+00
  ----------------------------------------------------------------------------
 .O-Mg2.
  -0.4912073E-02   0.1863247E+00  -0.2151258E+01   0.1099923E+02
  -0.7304466E-03   0.1141089E+00  -0.1750639E+01   0.1038870E+02
   0.0000000E+00   0.0000000E+00   0.0000000E+00   0.0000000E+00
 ----------------------------------------------------------------------------
 .O-Mg.
  -0.4912073E-02   0.1863247E+00  -0.2151258E+01   0.1087751E+02
  -0.7304466E-03   0.1141089E+00  -0.1750639E+01   0.1026697E+02
   0.0000000E+00   0.0000000E+00   0.0000000E+00   0.0000000E+00
 ----------------------------------------------------------------------------
 .Op-Mg.
  -0.4912073E-02   0.1863247E+00  -0.2151258E+01   0.1087751E+02
  -0.7304466E-03   0.1141089E+00  -0.1750639E+01   0.1026697E+02
   0.0000000E+00   0.0000000E+00   0.0000000E+00   0.0000000E+00
 ----------------------------------------------------------------------------
 .O-MgO.
  -0.1529707E-01   0.3341100E+00  -0.2593014E+01   0.1050877E+02
  -0.1851036E-01   0.3987009E+00  -0.3010783E+01   0.1147610E+02
   0.0000000E+00   0.0000000E+00   0.0000000E+00   0.0000000E+00
----------------------------------------------------------------------------
 .Op-MgO.
  -0.1529707E-01   0.3341100E+00  -0.2593014E+01   0.1050877E+02
  -0.1851036E-01   0.3987009E+00  -0.3010783E+01   0.1147610E+02
   0.0000000E+00   0.0000000E+00   0.0000000E+00   0.0000000E+00
----------------------------------------------------------------------------
 .O-MgN.
  -0.1529707E-01   0.3341100E+00  -0.2593014E+01   0.1053003E+02
  -0.1851036E-01   0.3987009E+00  -0.3010783E+01   0.1149736E+02
   0.0000000E+00   0.0000000E+00   0.0000000E+00   0.0000000E+00
  ----------------------------------------------------------------------------
 .O-Si2.
  -0.4912073E-02   0.1863247E+00  -0.2151258E+01   0.1087751E+02
  -0.7304466E-03   0.1141089E+00  -0.1750639E+01   0.1026697E+02
   0.0000000E+00   0.0000000E+00   0.0000000E+00   0.0000000E+00
 ----------------------------------------------------------------------------
 .O-Si.
  -0.4912073E-02   0.1863247E+00  -0.2151258E+01   0.1087751E+02
  -0.7304466E-03   0.1141089E+00  -0.1750639E+01   0.1026697E+02
   0.0000000E+00   0.0000000E+00   0.0000000E+00   0.0000000E+00
 ----------------------------------------------------------------------------
 .Op-Si.
  -0.4912073E-02   0.1863247E+00  -0.2151258E+01   0.1087751E+02
  -0.7304466E-03   0.1141089E+00  -0.1750639E+01   0.1026697E+02
   0.0000000E+00   0.0000000E+00   0.0000000E+00   0.0000000E+00
 ----------------------------------------------------------------------------
 .O-SiN.
  -0.4912073E-02   0.1863247E+00  -0.2151258E+01   0.1087751E+02
  -0.7304466E-03   0.1141089E+00  -0.1750639E+01   0.1026697E+02
   0.0000000E+00   0.0000000E+00   0.0000000E+00   0.0000000E+00
 ----------------------------------------------------------------------------
 .O-SiO.
  -0.4912073E-02   0.1863247E+00  -0.2151258E+01   0.1087751E+02
  -0.7304466E-03   0.1141089E+00  -0.1750639E+01   0.1026697E+02
   0.0000000E+00   0.0000000E+00   0.0000000E+00   0.0000000E+00
----------------------------------------------------------------------------
 .Op-SiO.
   -0.4912073E-02   0.1863247E+00  -0.2151258E+01   0.1087751E+02
  -0.7304466E-03   0.1141089E+00  -0.1750639E+01   0.1026697E+02
   0.0000000E+00   0.0000000E+00   0.0000000E+00   0.0000000E+00
----------------------------------------------------------------------------
 .O-SiO2.
  -0.4912073E-02   0.1863247E+00  -0.2151258E+01   0.1087751E+02
  -0.7304466E-03   0.1141089E+00  -0.1750639E+01   0.1026697E+02
   0.0000000E+00   0.0000000E+00   0.0000000E+00   0.0000000E+00
 ----------------------------------------------------------------------------
 .Op-SiO2.
  -0.4912073E-02   0.1863247E+00  -0.2151258E+01   0.1087751E+02
  -0.7304466E-03   0.1141089E+00  -0.1750639E+01   0.1026697E+02
   0.0000000E+00   0.0000000E+00   0.0000000E+00   0.0000000E+00
 ----------------------------------------------------------------------------

 .NO2-NO2.
  -0.1937398E-01   0.4486230E+00  -0.3631966E+01   0.1354760E+02
  -0.2345600E-01   0.5377616E+00  -0.4265540E+01   0.1511108E+02
   0.0000000E+00   0.0000000E+00   0.0000000E+00   0.0000000E+00
 ----------------------------------------------------------------------------
 .NO2-O3.
  -0.2010846E-01   0.4606291E+00  -0.3687605E+01   0.1375494E+02
  -0.2448077E-01   0.5548914E+00  -0.4349872E+01   0.1536859E+02
   0.0000000E+00   0.0000000E+00   0.0000000E+00   0.0000000E+00
----------------------------------------------------------------------------
 .NO2-Fe.
   0.2159744E-01  -0.4039330E+00   0.1760010E+01   0.3764270E+01
   0.3186015E-01  -0.6319732E+00   0.3434786E+01  -0.2051952E+00
   0.0000000E+00   0.0000000E+00   0.0000000E+00   0.0000000E+00
 ----------------------------------------------------------------------------
 .NO2-Fep.
   0.2159744E-01  -0.4039330E+00   0.1760010E+01   0.3764270E+01
   0.3186015E-01  -0.6319732E+00   0.3434786E+01  -0.2051952E+00
   0.0000000E+00   0.0000000E+00   0.0000000E+00   0.0000000E+00
  ----------------------------------------------------------------------------
 .NO2-FeO.
  -0.1982958E-01   0.4501069E+00  -0.3574261E+01   0.1345066E+02
  -0.2448081E-01   0.5487410E+00  -0.4256316E+01   0.1508566E+02
   0.0000000E+00   0.0000000E+00   0.0000000E+00   0.0000000E+00
 ----------------------------------------------------------------------------
 .NO2-Mg2.
   0.2409755E-01  -0.3943281E+00   0.1613328E+01   0.3442219E+01
   0.4178900E-01  -0.7467275E+00   0.3933008E+01  -0.1506586E+01
   0.0000000E+00   0.0000000E+00   0.0000000E+00   0.0000000E+00
  ----------------------------------------------------------------------------
 .NO2-Mg.
   0.2409755E-01  -0.3943281E+00   0.1613328E+01   0.3328785E+01
   0.4178900E-01  -0.7467275E+00   0.3933008E+01  -0.1620020E+01
   0.0000000E+00   0.0000000E+00   0.0000000E+00   0.0000000E+00
----------------------------------------------------------------------------
 .NO2-MgO.
  -0.1982958E-01   0.4501069E+00  -0.3574261E+01   0.1345515E+02
  -0.2448081E-01   0.5487410E+00  -0.4256316E+01   0.1509015E+02
   0.0000000E+00   0.0000000E+00   0.0000000E+00   0.0000000E+00
 ----------------------------------------------------------------------------
 .NO2-MgN.
  -0.1982958E-01   0.4501069E+00  -0.3574261E+01   0.1347521E+02
  -0.2448081E-01   0.5487410E+00  -0.4256316E+01   0.1511020E+02
   0.0000000E+00   0.0000000E+00   0.0000000E+00   0.0000000E+00
 ----------------------------------------------------------------------------
 .NO2-Si2.
   0.2409755E-01  -0.3943281E+00   0.1613328E+01   0.3328785E+01
   0.4178900E-01  -0.7467275E+00   0.3933008E+01  -0.1620020E+01
   0.0000000E+00   0.0000000E+00   0.0000000E+00   0.0000000E+00
 ----------------------------------------------------------------------------
 .NO2-Si.
   0.2409755E-01  -0.3943281E+00   0.1613328E+01   0.3328785E+01
   0.4178900E-01  -0.7467275E+00   0.3933008E+01  -0.1620020E+01
   0.0000000E+00   0.0000000E+00   0.0000000E+00   0.0000000E+00
 ----------------------------------------------------------------------------
 .NO2-SiN.
   0.2409755E-01  -0.3943281E+00   0.1613328E+01   0.3328785E+01
   0.4178900E-01  -0.7467275E+00   0.3933008E+01  -0.1620020E+01
   0.0000000E+00   0.0000000E+00   0.0000000E+00   0.0000000E+00
  ----------------------------------------------------------------------------
 .NO2-SiO.
   0.2409755E-01  -0.3943281E+00   0.1613328E+01   0.3328785E+01
   0.4178900E-01  -0.7467275E+00   0.3933008E+01  -0.1620020E+01
   0.0000000E+00   0.0000000E+00   0.0000000E+00   0.0000000E+00
----------------------------------------------------------------------------
 .NO2-SiO2.
   0.2409755E-01  -0.3943281E+00   0.1613328E+01   0.3328785E+01
   0.4178900E-01  -0.7467275E+00   0.3933008E+01  -0.1620020E+01
   0.0000000E+00   0.0000000E+00   0.0000000E+00   0.0000000E+00
 ----------------------------------------------------------------------------
 .O3-O3.
  -0.2036121E-01   0.4628038E+00  -0.3676477E+01   0.1379899E+02
  -0.2494678E-01   0.5606218E+00  -0.4356895E+01   0.1543942E+02
   0.0000000E+00   0.0000000E+00   0.0000000E+00   0.0000000E+00
----------------------------------------------------------------------------
 .O3-Fe.
   0.4090550E-01  -0.8013537E+00   0.4707993E+01  -0.3709603E+01
   0.4095213E-01  -0.8330067E+00   0.5135848E+01  -0.5066200E+01
   0.0000000E+00   0.0000000E+00   0.0000000E+00   0.0000000E+00
 ---------------------------------------------------------------------------
 .O3-Fep.
   0.1997939E-01  -0.3667392E+00   0.1484946E+01   0.4593778E+01
   0.3015495E-01  -0.5917939E+00   0.3129901E+01   0.7163300E+00
   0.0000000E+00   0.0000000E+00   0.0000000E+00   0.0000000E+00
----------------------------------------------------------------------------
 .O3-FeO.
  -0.1922102E-01   0.4348977E+00  -0.3447521E+01   0.1323587E+02
  -0.2388746E-01   0.5331763E+00  -0.4122229E+01   0.1484288E+02
   0.0000000E+00   0.0000000E+00   0.0000000E+00   0.0000000E+00
 ----------------------------------------------------------------------------
 .O3-Mg2.
   0.2158167E-01  -0.3417942E+00   0.1258555E+01   0.4364946E+01
   0.3814131E-01  -0.6696996E+00   0.3403439E+01  -0.1727271E+00
   0.0000000E+00   0.0000000E+00   0.0000000E+00   0.0000000E+00
----------------------------------------------------------------------------
 .O3-Mg.
   0.2158167E-01  -0.3417942E+00   0.1258555E+01   0.4260951E+01
   0.3814131E-01  -0.6696996E+00   0.3403439E+01  -0.2767222E+00
   0.0000000E+00   0.0000000E+00   0.0000000E+00   0.0000000E+00
 ----------------------------------------------------------------------------
 .O3-MgO.
  -0.1922102E-01   0.4348977E+00  -0.3447521E+01   0.1324004E+02
  -0.2388746E-01   0.5331763E+00  -0.4122229E+01   0.1484705E+02
   0.0000000E+00   0.0000000E+00   0.0000000E+00   0.0000000E+00
----------------------------------------------------------------------------
 .O3-MgN.
  -0.1922102E-01   0.4348977E+00  -0.3447521E+01   0.1325870E+02
  -0.2388746E-01   0.5331763E+00  -0.4122229E+01   0.1486570E+02
   0.0000000E+00   0.0000000E+00   0.0000000E+00   0.0000000E+00
 ----------------------------------------------------------------------------
 .O3-Si2.
   0.2158167E-01  -0.3417942E+00   0.1258555E+01   0.4260951E+01
   0.3814131E-01  -0.6696996E+00   0.3403439E+01  -0.2767222E+00
   0.0000000E+00   0.0000000E+00   0.0000000E+00   0.0000000E+00
 ----------------------------------------------------------------------------
 .O3-Si.
   0.2158167E-01  -0.3417942E+00   0.1258555E+01   0.4260951E+01
   0.3814131E-01  -0.6696996E+00   0.3403439E+01  -0.2767222E+00
   0.0000000E+00   0.0000000E+00   0.0000000E+00   0.0000000E+00
 ----------------------------------------------------------------------------
 .O3-SiN.
   0.2158167E-01  -0.3417942E+00   0.1258555E+01   0.4260951E+01
   0.3814131E-01  -0.6696996E+00   0.3403439E+01  -0.2767222E+00
   0.0000000E+00   0.0000000E+00   0.0000000E+00   0.0000000E+00
 ----------------------------------------------------------------------------
 .O3-SiO.
   0.2158167E-01  -0.3417942E+00   0.1258555E+01   0.4260951E+01
   0.3814131E-01  -0.6696996E+00   0.3403439E+01  -0.2767222E+00
   0.0000000E+00   0.0000000E+00   0.0000000E+00   0.0000000E+00
----------------------------------------------------------------------------
 .O3-SiO2.
   0.3955543E-01  -0.7185815E+00   0.3827205E+01  -0.1097698E+01
   0.5809165E-01  -0.1098914E+01   0.6408534E+01  -0.6795371E+01
   0.0000000E+00   0.0000000E+00   0.0000000E+00   0.0000000E+00
----------------------------------------------------------------------------
 .Fe-Fe.
   0.4843685E-01  -0.1556523E+01   0.1480721E+02  -0.4019491E+02
   0.3496024E-01  -0.1241131E+01   0.1238718E+02  -0.3402910E+02
   0.0000000E+00   0.0000000E+00   0.0000000E+00   0.0000000E+00
----------------------------------------------------------------------------
 .Fe-Fep.
   0.4843685E-01  -0.1556523E+01   0.1480721E+02  -0.4019491E+02
   0.3496024E-01  -0.1241131E+01   0.1238718E+02  -0.3402910E+02
   0.0000000E+00   0.0000000E+00   0.0000000E+00   0.0000000E+00
 ----------------------------------------------------------------------------
 .Fe-FeO.
   0.1625252E-01  -0.2826738E+00   0.8711072E+00   0.6109758E+01
   0.2603984E-01  -0.4974638E+00   0.2428498E+01   0.2474736E+01
   0.0000000E+00   0.0000000E+00   0.0000000E+00   0.0000000E+00
----------------------------------------------------------------------------
 .Fe-Mg2.
   0.2682063E+00  -0.6100757E+01   0.4526113E+02  -0.1056114E+03
   0.2467637E+00  -0.5638899E+01   0.4199235E+02  -0.9793440E+02
   0.0000000E+00   0.0000000E+00   0.0000000E+00   0.0000000E+00
----------------------------------------------------------------------------
 .Fe-Mg.
   0.2682063E+00  -0.6100757E+01   0.4526113E+02  -0.1057494E+03
   0.2467637E+00  -0.5638899E+01   0.4199235E+02  -0.9807246E+02
   0.0000000E+00   0.0000000E+00   0.0000000E+00   0.0000000E+00
----------------------------------------------------------------------------
 .Fe-MgO.
   0.1625252E-01  -0.2826738E+00   0.8711072E+00   0.6115024E+01
   0.2603984E-01  -0.4974638E+00   0.2428498E+01   0.2480003E+01
   0.0000000E+00   0.0000000E+00   0.0000000E+00   0.0000000E+00
 ----------------------------------------------------------------------------
 .Fe-MgN.
   0.1625252E-01  -0.2826738E+00   0.8711072E+00   0.6138553E+01
   0.2603984E-01  -0.4974638E+00   0.2428498E+01   0.2503532E+01
   0.0000000E+00   0.0000000E+00   0.0000000E+00   0.0000000E+00
----------------------------------------------------------------------------
 .Fe-Si2.
   0.2682063E+00  -0.6100757E+01   0.4526113E+02  -0.1057494E+03
   0.2467637E+00  -0.5638899E+01   0.4199235E+02  -0.9807246E+02
   0.0000000E+00   0.0000000E+00   0.0000000E+00   0.0000000E+00
 ----------------------------------------------------------------------------
 .Fe-Si.
   0.2682063E+00  -0.6100757E+01   0.4526113E+02  -0.1057494E+03
   0.2467637E+00  -0.5638899E+01   0.4199235E+02  -0.9807246E+02
   0.0000000E+00   0.0000000E+00   0.0000000E+00   0.0000000E+00
----------------------------------------------------------------------------
 .Fe-SiN.
   0.2682063E+00  -0.6100757E+01   0.4526113E+02  -0.1057494E+03
   0.2467637E+00  -0.5638899E+01   0.4199235E+02  -0.9807246E+02
   0.0000000E+00   0.0000000E+00   0.0000000E+00   0.0000000E+00
 ----------------------------------------------------------------------------
 .Fe-SiO.
   0.2682063E+00  -0.6100757E+01   0.4526113E+02  -0.1057494E+03
   0.2467637E+00  -0.5638899E+01   0.4199235E+02  -0.9807246E+02
   0.0000000E+00   0.0000000E+00   0.0000000E+00   0.0000000E+00
----------------------------------------------------------------------------
 .Fe-SiO2.
   0.2682063E+00  -0.6100757E+01   0.4526113E+02  -0.1057494E+03
   0.2467637E+00  -0.5638899E+01   0.4199235E+02  -0.9807246E+02
   0.0000000E+00   0.0000000E+00   0.0000000E+00   0.0000000E+00
----------------------------------------------------------------------------
 .Fep-Fep.
   0.4843685E-01  -0.1556523E+01   0.1480721E+02  -0.4019491E+02
   0.3496024E-01  -0.1241131E+01   0.1238718E+02  -0.3402910E+02
   0.0000000E+00   0.0000000E+00   0.0000000E+00   0.0000000E+00
 ----------------------------------------------------------------------------
 .Fep-FeO.
   0.1625252E-01  -0.2826738E+00   0.8711072E+00   0.6109758E+01
   0.2603984E-01  -0.4974638E+00   0.2428498E+01   0.2474736E+01
   0.0000000E+00   0.0000000E+00   0.0000000E+00   0.0000000E+00
----------------------------------------------------------------------------
 .Fep-Mg2.
   0.2682063E+00  -0.6100757E+01   0.4526113E+02  -0.1056114E+03
   0.2467637E+00  -0.5638899E+01   0.4199235E+02  -0.9793440E+02
   0.0000000E+00   0.0000000E+00   0.0000000E+00   0.0000000E+00
 ----------------------------------------------------------------------------
 .Fep-Mg.
   0.2682063E+00  -0.6100757E+01   0.4526113E+02  -0.1057494E+03
   0.2467637E+00  -0.5638899E+01   0.4199235E+02  -0.9807246E+02
   0.0000000E+00   0.0000000E+00   0.0000000E+00   0.0000000E+00
 ----------------------------------------------------------------------------
 .Fep-MgO.
   0.1625252E-01  -0.2826738E+00   0.8711072E+00   0.6115024E+01
   0.2603984E-01  -0.4974638E+00   0.2428498E+01   0.2480003E+01
   0.0000000E+00   0.0000000E+00   0.0000000E+00   0.0000000E+00
 ---------------------------------------------------------------------------
 .Fep-MgN.
   0.1625252E-01  -0.2826738E+00   0.8711072E+00   0.6138553E+01
   0.2603984E-01  -0.4974638E+00   0.2428498E+01   0.2503532E+01
   0.0000000E+00   0.0000000E+00   0.0000000E+00   0.0000000E+00
 ---------------------------------------------------------------------------
 .Fep-Si2.
   0.2682063E+00  -0.6100757E+01   0.4526113E+02  -0.1057494E+03
   0.2467637E+00  -0.5638899E+01   0.4199235E+02  -0.9807246E+02
   0.0000000E+00   0.0000000E+00   0.0000000E+00   0.0000000E+00
 ---------------------------------------------------------------------------
 .Fep-Si.
   0.2682063E+00  -0.6100757E+01   0.4526113E+02  -0.1057494E+03
   0.2467637E+00  -0.5638899E+01   0.4199235E+02  -0.9807246E+02
   0.0000000E+00   0.0000000E+00   0.0000000E+00   0.0000000E+00
  --------------------------------------------------------------------------
 .Fep-SiN.
   0.2682063E+00  -0.6100757E+01   0.4526113E+02  -0.1057494E+03
   0.2467637E+00  -0.5638899E+01   0.4199235E+02  -0.9807246E+02
   0.0000000E+00   0.0000000E+00   0.0000000E+00   0.0000000E+00
 -------------------------------------------------------------------------
 .Fep-SiO.
   0.2682063E+00  -0.6100757E+01   0.4526113E+02  -0.1057494E+03
   0.2467637E+00  -0.5638899E+01   0.4199235E+02  -0.9807246E+02
   0.0000000E+00   0.0000000E+00   0.0000000E+00   0.0000000E+00
 --------------------------------------------------------------------------
 .Fep-SiO2.
   0.2682063E+00  -0.6100757E+01   0.4526113E+02  -0.1057494E+03
   0.2467637E+00  -0.5638899E+01   0.4199235E+02  -0.9807246E+02
   0.0000000E+00   0.0000000E+00   0.0000000E+00   0.0000000E+00
 --------------------------------------------------------------------------
 .FeO-FeO.
  -0.1930016E-01   0.4317660E+00  -0.3386190E+01   0.1304787E+02
  -0.2394143E-01   0.5284183E+00  -0.4041757E+01   0.1459331E+02
   0.0000000E+00   0.0000000E+00   0.0000000E+00   0.0000000E+00
 --------------------------------------------------------------------------
 .FeO-Mg2.
   0.1592470E-01  -0.2276099E+00   0.5105538E+00   0.6004922E+01
   0.3014225E-01  -0.5056095E+00   0.2304276E+01   0.2282792E+01
   0.0000000E+00   0.0000000E+00   0.0000000E+00   0.0000000E+00
 --------------------------------------------------------------------------
 .FeO-Mg.
   0.1592470E-01  -0.2276099E+00   0.5105538E+00   0.5905566E+01
   0.3014225E-01  -0.5056095E+00   0.2304276E+01   0.2183436E+01
   0.0000000E+00   0.0000000E+00   0.0000000E+00   0.0000000E+00
 ---------------------------------------------------------------------------
 .FeO-MgO.
  -0.1930016E-01   0.4317660E+00  -0.3386190E+01   0.1305188E+02
  -0.2394143E-01   0.5284183E+00  -0.4041757E+01   0.1459733E+02
   0.0000000E+00   0.0000000E+00   0.0000000E+00   0.0000000E+00
 ---------------------------------------------------------------------------
 .FeO-MgN.
  -0.1930016E-01   0.4317660E+00  -0.3386190E+01   0.1306983E+02
  -0.2394143E-01   0.5284183E+00  -0.4041757E+01   0.1461528E+02
   0.0000000E+00   0.0000000E+00   0.0000000E+00   0.0000000E+00
 --------------------------------------------------------------------------
 .FeO-Si2.
   0.1592470E-01  -0.2276099E+00   0.5105538E+00   0.5905566E+01
   0.3014225E-01  -0.5056095E+00   0.2304276E+01   0.2183436E+01
   0.0000000E+00   0.0000000E+00   0.0000000E+00   0.0000000E+00
 ---------------------------------------------------------------------------
 .FeO-Si.
   0.1592470E-01  -0.2276099E+00   0.5105538E+00   0.5905566E+01
   0.3014225E-01  -0.5056095E+00   0.2304276E+01   0.2183436E+01
   0.0000000E+00   0.0000000E+00   0.0000000E+00   0.0000000E+00
 ---------------------------------------------------------------------------
 .FeO-SiN.
   0.1592470E-01  -0.2276099E+00   0.5105538E+00   0.5905566E+01
   0.3014225E-01  -0.5056095E+00   0.2304276E+01   0.2183436E+01
   0.0000000E+00   0.0000000E+00   0.0000000E+00   0.0000000E+00
 --------------------------------------------------------------------------
 .FeO-SiO.
   0.1592470E-01  -0.2276099E+00   0.5105538E+00   0.5905566E+01
   0.3014225E-01  -0.5056095E+00   0.2304276E+01   0.2183436E+01
   0.0000000E+00   0.0000000E+00   0.0000000E+00   0.0000000E+00
  ---------------------------------------------------------------------------
 .FeO-SiO2.
   0.1592470E-01  -0.2276099E+00   0.5105538E+00   0.5905566E+01
   0.3014225E-01  -0.5056095E+00   0.2304276E+01   0.2183436E+01
   0.0000000E+00   0.0000000E+00   0.0000000E+00   0.0000000E+00
 ---------------------------------------------------------------------------
 .Mg2-Mg2.
   0.2625865E-01  -0.5476967E+00   0.3288900E+01  -0.1092622E+01
   0.7629320E-02  -0.2075136E+00   0.1280199E+01   0.2794853E+01
   0.0000000E+00   0.0000000E+00   0.0000000E+00   0.0000000E+00
  --------------------------------------------------------------------------
 .Mg2-Mg.
   0.2625865E-01  -0.5476967E+00   0.3288900E+01  -0.1209577E+01
   0.7629320E-02  -0.2075136E+00   0.1280199E+01   0.2677897E+01
   0.0000000E+00   0.0000000E+00   0.0000000E+00   0.0000000E+00
 --------------------------------------------------------------------------
 .Mg2-MgO.
   0.1592470E-01  -0.2276099E+00   0.5105538E+00   0.6009522E+01
   0.3014225E-01  -0.5056095E+00   0.2304276E+01   0.2287392E+01
   0.0000000E+00   0.0000000E+00   0.0000000E+00   0.0000000E+00
 ---------------------------------------------------------------------------
 .Mg2-MgN.
   0.1592470E-01  -0.2276099E+00   0.5105538E+00   0.6030093E+01
   0.3014225E-01  -0.5056095E+00   0.2304276E+01   0.2307963E+01
   0.0000000E+00   0.0000000E+00   0.0000000E+00   0.0000000E+00
 --------------------------------------------------------------------------
 .Mg2-Si2.
   0.2625865E-01  -0.5476967E+00   0.3288900E+01  -0.1209577E+01
   0.7629320E-02  -0.2075136E+00   0.1280199E+01   0.2677897E+01
   0.0000000E+00   0.0000000E+00   0.0000000E+00   0.0000000E+00
  --------------------------------------------------------------------------
 .Mg2-Si.
   0.2625865E-01  -0.5476967E+00   0.3288900E+01  -0.1209577E+01
   0.7629320E-02  -0.2075136E+00   0.1280199E+01   0.2677897E+01
   0.0000000E+00   0.0000000E+00   0.0000000E+00   0.0000000E+00
 ---------------------------------------------------------------------------
 .Mg2-SiN.
   0.2625865E-01  -0.5476967E+00   0.3288900E+01  -0.1209577E+01
   0.7629320E-02  -0.2075136E+00   0.1280199E+01   0.2677897E+01
   0.0000000E+00   0.0000000E+00   0.0000000E+00   0.0000000E+00
 ---------------------------------------------------------------------------
 .Mg2-SiO.
   0.2625865E-01  -0.5476967E+00   0.3288900E+01  -0.1209577E+01
   0.7629320E-02  -0.2075136E+00   0.1280199E+01   0.2677897E+01
   0.0000000E+00   0.0000000E+00   0.0000000E+00   0.0000000E+00
 --------------------------------------------------------------------------
 .Mg2-SiO2.
   0.2625865E-01  -0.5476967E+00   0.3288900E+01  -0.1209577E+01
   0.7629320E-02  -0.2075136E+00   0.1280199E+01   0.2677897E+01
   0.0000000E+00   0.0000000E+00   0.0000000E+00   0.0000000E+00
 ---------------------------------------------------------------------------
 .Mg-Mg.
   0.2625865E-01  -0.5476967E+00   0.3288900E+01  -0.1333800E+01
   0.7629320E-02  -0.2075136E+00   0.1280199E+01   0.2553675E+01
   0.0000000E+00   0.0000000E+00   0.0000000E+00   0.0000000E+00
 --------------------------------------------------------------------------
 .Mg-MgO.
   0.1592470E-01  -0.2276099E+00   0.5105538E+00   0.5910400E+01
   0.3014225E-01  -0.5056095E+00   0.2304276E+01   0.2188270E+01
   0.0000000E+00   0.0000000E+00   0.0000000E+00   0.0000000E+00
 --------------------------------------------------------------------------
 .Mg-MgN.
   0.1592470E-01  -0.2276099E+00   0.5105538E+00   0.5932011E+01
   0.3014225E-01  -0.5056095E+00   0.2304276E+01   0.2209881E+01
   0.0000000E+00   0.0000000E+00   0.0000000E+00   0.0000000E+00
 --------------------------------------------------------------------------
 .Mg-Si2.
   0.2625865E-01  -0.5476967E+00   0.3288900E+01  -0.1333800E+01
   0.7629320E-02  -0.2075136E+00   0.1280199E+01   0.2553675E+01
   0.0000000E+00   0.0000000E+00   0.0000000E+00   0.0000000E+00
 -------------------------------------------------------------------------
 .Mg-Si.
   0.2625865E-01  -0.5476967E+00   0.3288900E+01  -0.1333800E+01
   0.7629320E-02  -0.2075136E+00   0.1280199E+01   0.2553675E+01
   0.0000000E+00   0.0000000E+00   0.0000000E+00   0.0000000E+00
 --------------------------------------------------------------------------
 .Mg-SiN.
   0.7404248E+00  -0.1501541E+02   0.1005846E+03  -0.2180970E+03
   0.6770517E+00  -0.1375925E+02   0.9236953E+02  -0.2003041E+03
   0.0000000E+00   0.0000000E+00   0.0000000E+00   0.0000000E+00
 ---------------------------------------------------------------------------
 .Mg-SiO.
   0.2625865E-01  -0.5476967E+00   0.3288900E+01  -0.1333800E+01
   0.7629320E-02  -0.2075136E+00   0.1280199E+01   0.2553675E+01
   0.0000000E+00   0.0000000E+00   0.0000000E+00   0.0000000E+00
 --------------------------------------------------------------------------
 .Mg-SiO2.
   0.2625865E-01  -0.5476967E+00   0.3288900E+01  -0.1333800E+01
   0.7629320E-02  -0.2075136E+00   0.1280199E+01   0.2553675E+01
   0.0000000E+00   0.0000000E+00   0.0000000E+00   0.0000000E+00
 --------------------------------------------------------------------------
 .MgO-MgO.
  -0.1930016E-01   0.4317660E+00  -0.3386190E+01   0.1305588E+02
  -0.2394143E-01   0.5284183E+00  -0.4041757E+01   0.1460133E+02
   0.0000000E+00   0.0000000E+00   0.0000000E+00   0.0000000E+00
 --------------------------------------------------------------------------
 .MgO-MgN.
  -0.1930016E-01   0.4317660E+00  -0.3386190E+01   0.1307380E+02
  -0.2394143E-01   0.5284183E+00  -0.4041757E+01   0.1461925E+02
   0.0000000E+00   0.0000000E+00   0.0000000E+00   0.0000000E+00
 --------------------------------------------------------------------------
 .MgO-Si2.
   0.1592470E-01  -0.2276099E+00   0.5105538E+00   0.5910400E+01
   0.3014225E-01  -0.5056095E+00   0.2304276E+01   0.2188270E+01
   0.0000000E+00   0.0000000E+00   0.0000000E+00   0.0000000E+00
 --------------------------------------------------------------------------
 .MgO-Si.
   0.1592470E-01  -0.2276099E+00   0.5105538E+00   0.5910400E+01
   0.3014225E-01  -0.5056095E+00   0.2304276E+01   0.2188270E+01
   0.0000000E+00   0.0000000E+00   0.0000000E+00   0.0000000E+00
 --------------------------------------------------------------------------
 .MgO-SiN.
   0.1592470E-01  -0.2276099E+00   0.5105538E+00   0.5910400E+01
   0.3014225E-01  -0.5056095E+00   0.2304276E+01   0.2188270E+01
   0.0000000E+00   0.0000000E+00   0.0000000E+00   0.0000000E+00
 ---------------------------------------------------------------------------
 .MgO-SiO.
   0.1592470E-01  -0.2276099E+00   0.5105538E+00   0.5910400E+01
   0.3014225E-01  -0.5056095E+00   0.2304276E+01   0.2188270E+01
   0.0000000E+00   0.0000000E+00   0.0000000E+00   0.0000000E+00
----------------------------------------------------------------------------
 .MgO-SiO2.
   0.1592470E-01  -0.2276099E+00   0.5105538E+00   0.5910400E+01
   0.3014225E-01  -0.5056095E+00   0.2304276E+01   0.2188270E+01
   0.0000000E+00   0.0000000E+00   0.0000000E+00   0.0000000E+00
 ---------------------------------------------------------------------------
 .MgN-MgN.
  -0.1930016E-01   0.4317660E+00  -0.3386190E+01   0.1309156E+02
  -0.2394143E-01   0.5284183E+00  -0.4041757E+01   0.1463701E+02
   0.0000000E+00   0.0000000E+00   0.0000000E+00   0.0000000E+00
  --------------------------------------------------------------------------
 .MgN-Si2.
   0.1592470E-01  -0.2276099E+00   0.5105538E+00   0.5910400E+01
   0.3014225E-01  -0.5056095E+00   0.2304276E+01   0.2188270E+01
   0.0000000E+00   0.0000000E+00   0.0000000E+00   0.0000000E+00
 ---------------------------------------------------------------------------
 .MgN-Si.
   0.1592470E-01  -0.2276099E+00   0.5105538E+00   0.5910400E+01
   0.3014225E-01  -0.5056095E+00   0.2304276E+01   0.2188270E+01
   0.0000000E+00   0.0000000E+00   0.0000000E+00   0.0000000E+00
 ---------------------------------------------------------------------------
 .MgN-SiN.
   0.1592470E-01  -0.2276099E+00   0.5105538E+00   0.5910400E+01
   0.3014225E-01  -0.5056095E+00   0.2304276E+01   0.2188270E+01
   0.0000000E+00   0.0000000E+00   0.0000000E+00   0.0000000E+00
 ---------------------------------------------------------------------------
 .MgN-SiO.
   0.1592470E-01  -0.2276099E+00   0.5105538E+00   0.5910400E+01
   0.3014225E-01  -0.5056095E+00   0.2304276E+01   0.2188270E+01
   0.0000000E+00   0.0000000E+00   0.0000000E+00   0.0000000E+00
 ---------------------------------------------------------------------------
 .MgN-SiO2.
    0.1592470E-01  -0.2276099E+00   0.5105538E+00   0.5910400E+01
   0.3014225E-01  -0.5056095E+00   0.2304276E+01   0.2188270E+01
   0.0000000E+00   0.0000000E+00   0.0000000E+00   0.0000000E+00
 ---------------------------------------------------------------------------
 .Si2-Si2.
   0.2625865E-01  -0.5476967E+00   0.3288900E+01  -0.1333800E+01
   0.7629320E-02  -0.2075136E+00   0.1280199E+01   0.2553675E+01
   0.0000000E+00   0.0000000E+00   0.0000000E+00   0.0000000E+00
 --------------------------------------------------------------------------
 .Si2-Si.
   0.2625865E-01  -0.5476967E+00   0.3288900E+01  -0.1333800E+01
   0.7629320E-02  -0.2075136E+00   0.1280199E+01   0.2553675E+01
   0.0000000E+00   0.0000000E+00   0.0000000E+00   0.0000000E+00
 ---------------------------------------------------------------------------
 .Si2-SiN.
   0.2625865E-01  -0.5476967E+00   0.3288900E+01  -0.1333800E+01
   0.7629320E-02  -0.2075136E+00   0.1280199E+01   0.2553675E+01
   0.0000000E+00   0.0000000E+00   0.0000000E+00   0.0000000E+00
 ----------------------------------------------------------------------------
 .Si2-SiO.
   0.2625865E-01  -0.5476967E+00   0.3288900E+01  -0.1333800E+01
   0.7629320E-02  -0.2075136E+00   0.1280199E+01   0.2553675E+01
   0.0000000E+00   0.0000000E+00   0.0000000E+00   0.0000000E+00
---------------------------------------------------------------------------
 .Si2-SiO2.
   0.2625865E-01  -0.5476967E+00   0.3288900E+01  -0.1333800E+01
   0.7629320E-02  -0.2075136E+00   0.1280199E+01   0.2553675E+01
   0.0000000E+00   0.0000000E+00   0.0000000E+00   0.0000000E+00
 ----------------------------------------------------------------------------
 .Si-Si.
   0.2625865E-01  -0.5476967E+00   0.3288900E+01  -0.1333800E+01
   0.7629320E-02  -0.2075136E+00   0.1280199E+01   0.2553675E+01
   0.0000000E+00   0.0000000E+00   0.0000000E+00   0.0000000E+00
 ----------------------------------------------------------------------------
 .Si-SiN.
   0.2625865E-01  -0.5476967E+00   0.3288900E+01  -0.1333800E+01
   0.7629320E-02  -0.2075136E+00   0.1280199E+01   0.2553675E+01
   0.0000000E+00   0.0000000E+00   0.0000000E+00   0.0000000E+00
 ----------------------------------------------------------------------------
 .Si-SiO.
   0.2625865E-01  -0.5476967E+00   0.3288900E+01  -0.1333800E+01
   0.7629320E-02  -0.2075136E+00   0.1280199E+01   0.2553675E+01
   0.0000000E+00   0.0000000E+00   0.0000000E+00   0.0000000E+00
----------------------------------------------------------------------------
 .Si-SiO2.
   0.2625865E-01  -0.5476967E+00   0.3288900E+01  -0.1333800E+01
   0.7629320E-02  -0.2075136E+00   0.1280199E+01   0.2553675E+01
   0.0000000E+00   0.0000000E+00   0.0000000E+00   0.0000000E+00
 ----------------------------------------------------------------------------
 .SiN-SiN.
   0.2625865E-01  -0.5476967E+00   0.3288900E+01  -0.1333800E+01
   0.7629320E-02  -0.2075136E+00   0.1280199E+01   0.2553675E+01
   0.0000000E+00   0.0000000E+00   0.0000000E+00   0.0000000E+00
----------------------------------------------------------------------------
 .SiN-SiO.
    0.2625865E-01  -0.5476967E+00   0.3288900E+01  -0.1333800E+01
   0.7629320E-02  -0.2075136E+00   0.1280199E+01   0.2553675E+01
   0.0000000E+00   0.0000000E+00   0.0000000E+00   0.0000000E+00
 ----------------------------------------------------------------------------
 .SiN-SiO2.
   0.8395546E+00  -0.1725344E+02   0.1173334E+03  -0.2592741E+03
   0.7791217E+00  -0.1602224E+02   0.1090548E+03  -0.2408402E+03
   0.0000000E+00   0.0000000E+00   0.0000000E+00   0.0000000E+00
 ---------------------------------------------------------------------------
 .SiO-SiO.
   0.8395546E+00  -0.1725344E+02   0.1173334E+03  -0.2592741E+03
   0.7791217E+00  -0.1602224E+02   0.1090548E+03  -0.2408402E+03
   0.0000000E+00   0.0000000E+00   0.0000000E+00   0.0000000E+00
 ----------------------------------------------------------------------------
 .SiO-SiO2.
   0.2625865E-01  -0.5476967E+00   0.3288900E+01  -0.1333800E+01
   0.7629320E-02  -0.2075136E+00   0.1280199E+01   0.2553675E+01
   0.0000000E+00   0.0000000E+00   0.0000000E+00   0.0000000E+00
 ---------------------------------------------------------------------------
 .SiO2-SiO2.
   0.2625865E-01  -0.5476967E+00   0.3288900E+01  -0.1333800E+01
   0.7629320E-02  -0.2075136E+00   0.1280199E+01   0.2553675E+01
   0.0000000E+00   0.0000000E+00   0.0000000E+00   0.0000000E+00
 ----------------------------------------------------------------------------
.em-Si.
   0.0085066    -0.23611      2.3343     -6.8488
   -0.019252     0.43724     -2.9464      6.7816
   0.0048682    -0.15767      1.6324       -5.58
-------------------------------------------------------
.em-SiO.
   0.0085066    -0.23611      2.3343     -6.8488
   -0.019252     0.43724     -2.9464      6.7816
   0.0048682    -0.15767      1.6324       -5.58
------------------------------------------------------
.em-SiO2.
   0.0085066    -0.23611      2.3343     -6.8488
   -0.019252     0.43724     -2.9464      6.7816
   0.0048682    -0.15767      1.6324       -5.58
-------------------------------------------------------
.em-Fe.
   0.0085066    -0.23611      2.3343     -6.8488
   -0.019252     0.43724     -2.9464      6.7816
   0.0048682    -0.15767      1.6324       -5.58
------------------------------------------------------
.em-FeO.
   0.0085066    -0.23611      2.3343     -6.8488
   -0.019252     0.43724     -2.9464      6.7816
   0.0048682    -0.15767      1.6324       -5.58
-------------------------------------------------------
.em-Mg.
   0.0085066    -0.23611      2.3343     -6.8488
   -0.019252     0.43724     -2.9464      6.7816
   0.0048682    -0.15767      1.6324       -5.58
------------------------------------------------------
.em-MgO.
   0.0085066    -0.23611      2.3343     -6.8488
   -0.019252     0.43724     -2.9464      6.7816
   0.0048682    -0.15767      1.6324       -5.58
------------------------------------------------------
STOP
