    0.1  0.0285  0.0110  0.0227  0.0093  0.0284  0.0208
    0.2  0.0460  0.0221  0.0353  0.0181  0.0652  0.0445
    0.3  0.0578  0.0316  0.0437  0.0255  0.0956  0.0661
    0.4  0.0669  0.0399  0.0500  0.0317  0.1208  0.0856
    0.6  0.0806  0.0536  0.0596  0.0419  0.1606  0.1193
    0.8  0.0910  0.0648  0.0668  0.0500  0.1914  0.1476
    1.0  0.0993  0.0742  0.0725  0.0567  0.2166  0.1719
    2.0  0.1269  0.1065  0.0915  0.0792  0.3007  0.2587
    3.0  0.1440  0.1268  0.1032  0.0930  0.3530  0.3154
    4.0  0.1566  0.1416  0.1118  0.1030  0.3914  0.3574
    6.0  0.1748  0.1627  0.1241  0.1172  0.4468  0.4182
    8.0  0.1880  0.1777  0.1330  0.1272  0.4869  0.4620
   10.0  0.1983  0.1894  0.1400  0.1349  0.5183  0.4962
   20.0  0.2307  0.2254  0.1616  0.1589  0.6163  0.6027
   30.0  0.2497  0.2462  0.1744  0.1727  0.6738  0.6649
   40.0  0.2634  0.2610  0.1835  0.1825  0.7149  0.7089
   60.0  0.2828  0.2817  0.1967  0.1963  0.7738  0.7707
   80.0  0.2969  0.2964  0.2062  0.2061  0.8164  0.8145
  100.0  0.3081  0.3078  0.2137  0.2136  0.8502  0.8483
  200.0  0.3433  0.3429  0.2373  0.2370  0.9566  0.9534
  300.0  0.3634  0.3633  0.2506  0.2506  1.0161  1.0149
  400.0  0.3778  0.3778  0.2602  0.2602  1.0588  1.0583
  603.0  0.3981  0.3981  0.2737  0.2737  1.1194  1.1193
  800.0  0.4125  0.4125  0.2833  0.2833  1.1628  1.1624
 1000.0  0.4236  0.4236  0.2908  0.2098  1.1959  1.1959
10000.0  0.5388  0.5388  0.3675  0.3675  1.5413  1.5413

