lnT*	lnT*2(1,1)*Att	lnT*2(1,1)*Rep	lnT*2(2,2)*Att	lnT*2(2,2)*Rep	lnA*Att	lnA*Rep	lnB*Att	lnB*Rep	lnC*Att	lnC*Rep	lnE*Att	lnE*Rep	lnF*Att	lnF*Rep	lnG*Att	lnG*Rep	lnT*2(1,4)*Att	lnT*2(1,4)*Rep	lnT*2(1,5)*Att	lnT*2(1,5)*Rep	lnT*2(2,4)*Att	lnT*2(2,4)*Rep
-2.3026	-2.7646	-3.7987	-3.2597	-3.4933	-0.4935	0.3042	0.3849	0.3109	-0.2780	-0.2896	-0.1730	-0.2051	-0.3849	-0.0283	-0.1523	-0.1776	-3.5579	-4.5099	-3.7854	-4.6777	-3.5614	-3.8728
-1.6094	-1.9922	-2.9740	-2.3361	-2.6636	-0.3438	0.3098	0.3769	0.3268	-0.4178	-0.3419	-0.2081	-0.2439	-0.5037	-0.0560	-0.2251	-0.2164	-3.0791	-3.8122	-3.3439	-4.0118	-2.7303	-3.1123
-1.2040	-1.6291	-2.5295	-1.8598	-2.2201	-0.2309	0.3097	0.3575	0.3326	-0.4861	-0.3772	-0.2562	-0.2700	-0.5249	-0.0772	-0.2930	-0.2432	-2.8508	-3.4546	-3.1304	-3.6691	-2.3476	-2.7166
-0.9163	-1.3943	-2.2331	-1.5606	-1.9248	-0.1664	0.3079	0.3355	0.3348	-0.5358	-0.4042	-0.2930	-0.2900	-0.5324	-0.0946	-0.3376	-0.2638	-2.7046	-3.2214	-2.9957	-3.4514	-2.1136	-2.4581
-0.5108	-1.1096	-1.8426	-1.1917	-1.5399	-0.0824	0.3025	0.3125	0.3345	-0.5890	-0.4446	-0.3421	-0.3195	-0.5214	-0.1225	-0.3893	-0.2950	-2.5183	-2.9262	-2.8201	-3.1725	-1.8288	-2.1261
-0.2231	-0.9258	-1.5847	-0.9629	-1.2884	-0.0369	0.2966	0.2945	0.3317	-0.6244	-0.4747	-0.3743	-0.3414	-0.5127	-0.1446	-0.4193	-0.3181	-2.3969	-2.7364	-2.7061	-2.9957	-1.6534	-1.9132
0.0000	-0.7943	-1.3967	-0.8023	-1.1056	-0.0079	0.2910	0.2816	0.3282	-0.6489	-0.4984	-0.3966	-0.3584	-0.5055	-0.1629	-0.4387	-0.3366	-2.3096	-2.6010	-2.6242	-2.8700	-1.5297	-1.7608
0.6931	-0.4359	-0.8730	-0.3798	-0.6051	0.0561	0.2680	0.2467	0.3095	-0.7131	-0.5741	-0.4551	-0.4113	-0.4874	-0.2244	-0.4848	-0.3939	-2.0644	-2.2396	-2.3914	-2.5358	-1.2016	-1.3521
1.0986	-0.2554	-0.6084	-0.1761	-0.3568	0.0793	0.2515	0.2299	0.2942	-0.7432	-0.6179	-0.4822	-0.4407	-0.4818	-0.2623	-0.5052	-0.4260	-1.9379	-2.0651	-2.2711	-2.3752	-1.0413	-1.1539
1.3863	-0.1371	-0.4377	-0.0470	-0.1988	0.0901	0.2389	0.2185	0.2818	-0.7629	-0.6482	-0.4987	-0.4603	-0.4809	-0.2891	-0.5175	-0.4477	-1.8541	-1.9547	-2.1910	-2.2730	-0.9380	-1.0289
1.7918	0.0172	-0.2199	0.1169	0.0006	0.0997	0.2206	0.2033	0.2632	-0.7883	-0.6888	-0.5190	-0.4858	-0.4830	-0.3259	-0.5329	-0.4756	-1.7441	-1.8158	-2.0867	-2.1439	-0.8056	-0.8718
2.0794	0.1186	-0.0801	0.2220	0.1297	0.1034	0.2075	0.1933	0.2494	-0.8050	-0.7162	-0.5314	-0.5022	-0.4865	-0.3510	-0.5425	-0.4938	-1.6713	-1.7277	-2.0174	-2.0620	-0.7197	-0.7722
2.3026	0.1931	0.0205	0.2981	0.2179	0.1050	0.1975	0.1859	0.2388	-0.8171	-0.7363	-0.5401	-0.5140	-0.4900	-0.3696	-0.5494	-0.5067	-1.6180	-1.6639	-1.9661	-2.0032	-0.6572	-0.7008
2.9957	0.4036	0.2950	0.5084	0.4632	0.1048	0.1682	0.1653	0.2066	-0.8503	-0.7921	-0.5628	-0.5452	-0.5035	-0.4214	-0.5685	-0.5401	-1.4666	-1.4899	-1.8226	-1.8395	-0.4840	-0.5063
3.4012	0.5138	0.4326	0.6161	0.5855	0.1023	0.1530	0.1547	0.1892	-0.8675	-0.8201	-0.5738	-0.5597	-0.5127	-0.4472	-0.5782	-0.5556	-1.3875	-1.4016	-1.7464	-1.7562	-0.3948	-0.4081
3.6889	0.5869	0.5216	0.6867	0.6646	0.0998	0.1431	0.1476	0.1777	-0.8785	-0.8379	-0.5807	-0.5686	-0.5194	-0.4636	-0.5841	-0.5651	-1.3341	-1.3432	-1.6955	-1.7010	-0.3356	-0.3440
4.0943	0.6835	0.6365	0.7794	0.7669	0.0959	0.1305	0.1381	0.1630	-0.8931	-0.8604	-0.5890	-0.5798	-0.5283	-0.4840	-0.5913	-0.5771	-1.2630	-1.2669	-1.6261	-1.6281	-0.2564	-0.2605
4.3820	0.7478	0.7114	0.8409	0.8337	0.0931	0.1223	0.1318	0.1535	-0.9024	-0.8747	-0.5940	-0.5868	-0.5343	-0.4973	-0.5953	-0.5845	-1.2144	-1.2160	-1.5789	-1.5794	-0.2029	-0.2052
4.6052	0.7955	0.7662	0.8865	0.8826	0.0909	0.1164	0.1273	0.1467	-0.9091	-0.8848	-0.5977	-0.5919	-0.5385	-0.5068	-0.5984	-0.5900	-1.1773	-1.1783	-1.5432	-1.5437	-0.1623	-0.1645
5.2983	0.9332	0.9198	1.0178	1.0193	0.0846	0.0996	0.1151	0.1280	-0.9274	-0.9130	-0.6073	-0.6059	-0.5508	-0.5343	-0.6075	-0.6064	-1.0692	-1.0703	-1.4384	-1.4397	-0.0444	-0.0477
5.7038	1.0072	0.9995	1.0881	1.0901	0.0809	0.0907	0.1089	0.1181	-0.9367	-0.9276	-0.6127	-0.6127	-0.5579	-0.5482	-0.6127	-0.6134	-1.0123	-1.0125	-1.3839	-1.3839	0.0160	0.0148
5.9915	1.0571	1.0520	1.1353	1.1371	0.0783	0.0851	0.1049	0.1116	-0.9431	-0.9365	-0.6160	-0.6166	-0.5628	-0.5567	-0.6160	-0.6182	-0.9734	-0.9734	-1.3463	-1.3463	0.0571	0.0567
6.3969	1.1239	1.1213	1.1983	1.1995	0.0745	0.0783	0.0994	0.1034	-0.9514	-0.9478	-0.6205	-0.6212	-0.5697	-0.5665	-0.6205	-0.6216	-0.9211	-0.9211	-1.2957	-1.2957	0.1128	0.1127
6.6846	1.1689	1.1674	1.2408	1.2416	0.0719	0.0742	0.0958	0.0983	-0.9569	-0.9548	-0.6234	-0.6240	-0.5743	-0.5725	-0.6234	-0.6242	-0.8855	-0.8855	-1.2612	-1.2612	0.1508	0.1505
6.9078	1.2026	1.2017	1.2725	1.2731	0.0699	0.0715	0.0930	0.0948	-0.9610	-0.9595	-0.6255	-0.6259	-0.5777	-0.5764	-0.6255	-0.6260	-0.8590	-0.8590	-1.2351	-1.2351	0.1789	0.1789
9.2103	1.4987	1.4988	1.5520	1.5520	0.0534	0.0533	0.0708	0.0707	-0.9937	-0.9937	-0.6415	-0.6415	-0.6051	-0.6051	-0.6415	-0.6415	-0.6184	-0.6184	-1.0010	-1.0010	0.4326	0.4326

