  0.1  0.8411  0.8146  0.6805  0.9721  0.8587  0.8373
  0.2  0.8121  0.7836  0.6043  0.9455  0.7984  0.8054
  0.3  0.7740  0.7634  0.5916  0.9257  0.7460  0.7841
  0.4  0.7460  0.7483  0.5872  0.9097  0.7135  0.7681
  0.6  0.7103  0.7265  0.5937  0.8847  0.6775  0.7445
  0.8  0.6878  0.7108  0.5989  0.8654  0.6575  0.7275
  1.0  0.6726  0.6988  0.6032  0.8497  0.6449  0.7142
  2.0  0.6344  0.6628  0.8142  0.7990  0.6158  0.6744
  3.0  0.6174  0.6436  0.6177  0.7693  0.6034  0.6531
  4.0  0.6073  0.6311  0.6182  0.7489  0.5960  0.6391
  6.0  0.5951  0.6152  0.6169  0.7219  0.5869  0.6215
  8.0  0.5878  0.6052  0.6148  0.7040  0.5813  0.6103
 10.0  0.5827  0.5981  0.6126  0.6910  0.5773  0.6025
 20.0  0.5696  0.5797  0.6044  0.6561  0.5664  0.5827
 30.0  0.5634  0.5714  0.5989  0.6394  0.5609  0.5737
 40.0  0.5595  0.5663  0.5949  0.6290  0.5576  0.5683
 60.0  0.5549  0.5600  0.5896  0.6163  0.5536  0.5615
 80.0  0.5521  0.5561  0.5861  0.6082  0.5514  0.5574
100.0  0.5501  0.5533  0.5836  0.6024  0.5497  0.5543
200.0  0.5448  0.5456  0.5765  0.5861  0.5447  0.5453
300.0  0.5419  0.5419  0.5724  0.5780  0.5419  0.5415
400.0  0.5401  0.5398  0.5696  0.5731  0.5401  0.5389
600.0  0.5377  0.5373  0.5657  0.5675  0.5377  0.5371
800.0  0.5361  0.5358  0.5631  0.5641  0.5361  0.5357
  1E3  0.5350  0.5348  0.5612  0.5619  0.5350  0.5347
  1E4  0.5265  0.5265  0.5460  0.5460  0.5265  0.5265
  1E5  0.5213  0.5213  0.5366  0.5366  0.5213  0.5213
  1E6  0.5178  0.5178  0.5304  0.5304  0.5178  0.5178
  1E7  0.5153  0.5153  0.5260  0.5260  0.5153  0.5153
  1E8  0.5134  0.5134  0.5227  0.5227  0.5134  0.5134

